
Profile Time: 09:32:28
Profile Date: 12/03/2018
Profile Location: jlwhiteoak Serial no: : 17E101477, ID: : EXO Sonde
Sonde data Status: Unfiltered, VisualCheck
Data Status: , PostCal
12/03/18 09:32:29 10.83   0.10   0.05   0.197  7.22     7.6  10.1   9.00
12/03/18 09:32:33 10.83   0.10   0.05   0.197  7.22     7.4  10.4   8.99
12/03/18 09:32:36 10.83   0.10   0.05   0.197  7.21     7.4  10.5   8.98
12/03/18 09:32:40 10.83   0.10   0.05   0.197  7.21     7.4  10.5   8.97
12/03/18 09:32:41 10.83   0.10   0.05   0.197  7.21     7.4  10.4   8.97
12/03/18 09:32:32 10.83   0.10   0.05   0.198  7.22     7.5  10.4   8.99
12/03/18 09:32:34 10.83   0.10   0.05   0.198  7.22     7.4  10.5   8.98
12/03/18 09:32:35 10.83   0.10   0.05   0.198  7.22     7.4  10.5   8.98
12/03/18 09:32:37 10.83   0.10   0.05   0.198  7.21     7.4  10.5   8.98
12/03/18 09:32:39 10.83   0.10   0.05   0.198  7.21     7.4  10.5   8.97
12/03/18 09:32:42 10.83   0.10   0.05   0.198  7.21     7.5  10.4   8.97
12/03/18 09:32:30 10.83   0.10   0.05   0.199  7.22     7.6  10.2   9.00
12/03/18 09:32:31 10.83   0.10   0.05   0.199  7.22     7.5  10.3   8.99
12/03/18 09:32:38 10.83   0.10   0.05   0.199  7.21     7.4  10.5   8.97
12/03/18 09:32:43 10.83   0.10   0.05   0.200  7.21     7.5  10.4   8.97
12/03/18 09:32:44 10.83   0.10   0.05   0.204  7.20     7.5  10.4   8.97
12/03/18 09:32:45 10.82   0.10   0.05   0.221  7.20     7.6  10.4   8.97
12/03/18 09:32:46 10.82   0.10   0.05   0.239  7.20     7.6  10.4   8.97
12/03/18 09:32:47 10.82   0.10   0.05   0.258  7.20     7.7  10.4   8.96
12/03/18 09:32:48 10.82   0.10   0.05   0.278  7.20     7.7  10.5   8.96
12/03/18 09:32:49 10.82   0.10   0.05   0.296  7.20     7.7  10.5   8.96
12/03/18 09:32:50 10.82   0.10   0.05   0.316  7.20     7.7  10.5   8.96
12/03/18 09:32:51 10.82   0.10   0.05   0.335  7.19     7.7  10.6   8.96
12/03/18 09:32:52 10.82   0.10   0.05   0.353  7.19     7.8  10.6   8.96
12/03/18 09:32:53 10.82   0.10   0.05   0.370  7.19     7.8  10.6   8.96
12/03/18 09:32:54 10.82   0.10   0.05   0.391  7.19     7.8  10.7   8.95
12/03/18 09:32:55 10.82   0.10   0.05   0.407  7.19     7.7  10.7   8.95
12/03/18 09:32:56 10.81   0.10   0.05   0.425  7.19     7.7  10.7   8.95
12/03/18 09:32:57 10.81   0.10   0.05   0.436  7.19     7.7  10.7   8.95
12/03/18 09:32:58 10.81   0.10   0.05   0.453  7.19     7.7  10.7   8.95
12/03/18 09:32:59 10.81   0.10   0.05   0.470  7.19     7.7  10.7   8.95
12/03/18 09:33:00 10.81   0.10   0.05   0.488  7.19     7.7  10.8   8.95
12/03/18 09:33:01 10.81   0.10   0.05   0.504  7.19     7.7  10.8   8.94
12/03/18 09:33:02 10.81   0.10   0.05   0.526  7.19     7.6  10.8   8.94
12/03/18 09:33:03 10.81   0.10   0.05   0.543  7.19     7.6  10.9   8.94
12/03/18 09:33:04 10.81   0.10   0.05   0.562  7.19     7.6  10.9   8.94
12/03/18 09:33:05 10.80   0.10   0.05   0.579  7.19     7.6  11.0   8.94
12/03/18 09:33:06 10.80   0.10   0.05   0.601  7.19     7.6  11.1   8.94
12/03/18 09:33:07 10.80   0.10   0.05   0.617  7.19     7.7  11.1   8.94
12/03/18 09:33:08 10.80   0.10   0.05   0.635  7.19     7.7  11.2   8.93
12/03/18 09:33:09 10.80   0.10   0.05   0.654  7.19     7.7  11.3   8.93
12/03/18 09:33:10 10.80   0.10   0.05   0.676  7.18     7.7  11.3   8.93
12/03/18 09:33:11 10.80   0.10   0.05   0.693  7.18     7.7  11.4   8.93
12/03/18 09:33:12 10.80   0.10   0.05   0.712  7.18     7.8  11.4   8.93
12/03/18 09:33:13 10.79   0.10   0.05   0.730  7.18     7.8  11.5   8.93
12/03/18 09:33:14 10.79   0.10   0.05   0.752  7.18     7.8  11.5   8.93
12/03/18 09:33:15 10.79   0.10   0.05   0.769  7.18     7.8  11.5   8.93
12/03/18 09:33:16 10.79   0.10   0.05   0.789  7.18     7.8  11.5   8.93
12/03/18 09:33:17 10.79   0.10   0.05   0.806  7.18     7.8  11.4   8.93
12/03/18 09:33:18 10.79   0.10   0.05   0.823  7.18     7.8  11.4   8.92
12/03/18 09:33:19 10.79   0.10   0.05   0.846  7.18     7.8  11.4   8.92
12/03/18 09:33:20 10.79   0.10   0.05   0.862  7.15     7.8  11.3   8.92
12/03/18 09:33:21 10.79   0.10   0.05   0.881  7.15     7.8  11.3   8.92
12/03/18 09:33:22 10.78   0.10   0.05   0.899  7.15     7.8  11.3   8.92
12/03/18 09:33:23 10.78   0.10   0.05   0.921  7.15     7.8  11.3   8.92
12/03/18 09:33:24 10.78   0.10   0.05   0.939  7.15     7.8  11.3   8.92
12/03/18 09:33:25 10.78   0.10   0.05   0.958  7.15     7.8  11.3   8.92
12/03/18 09:33:26 10.77   0.10   0.05   0.976  7.15     7.8  11.4   8.92
12/03/18 09:33:27 10.77   0.10   0.05   0.997  7.16     7.8  11.4   8.92
12/03/18 09:33:28 10.77   0.10   0.05   1.015  7.16     7.8  11.5   8.92
12/03/18 09:33:29 10.76   0.10   0.05   1.033  7.16     7.8  11.6   8.91
12/03/18 09:33:30 10.76   0.10   0.05   1.052  7.16     7.8  11.7   8.91
12/03/18 09:33:31 10.76   0.10   0.05   1.074  7.16     7.9  11.8   8.91
12/03/18 09:33:32 10.76   0.10   0.05   1.092  7.16     7.9  11.9   8.91
12/03/18 09:33:33 10.75   0.10   0.05   1.111  7.16     7.9  12.0   8.91
12/03/18 09:33:34 10.75   0.10   0.05   1.130  7.16     7.9  12.1   8.91
12/03/18 09:33:35 10.74   0.10   0.05   1.152  7.16     8.0  12.2   8.91
12/03/18 09:33:36 10.74   0.10   0.05   1.170  7.16     8.0  12.3   8.91
12/03/18 09:33:37 10.74   0.10   0.05   1.189  7.16     8.0  12.3   8.90
12/03/18 09:33:38 10.73   0.10   0.05   1.207  7.16     8.0  12.3   8.90
12/03/18 09:33:39 10.73   0.10   0.05   1.226  7.16     8.0  12.3   8.90
12/03/18 09:33:40 10.73   0.10   0.05   1.247  7.16     8.0  12.3   8.90
12/03/18 09:33:41 10.73   0.10   0.05   1.265  7.16     7.9  12.3   8.90
12/03/18 09:33:42 10.73   0.10   0.05   1.285  7.16     7.9  12.3   8.89
12/03/18 09:33:43 10.73   0.10   0.05   1.304  7.16     7.9  12.2   8.89
12/03/18 09:33:44 10.73   0.10   0.05   1.325  7.16     7.8  12.2   8.89
12/03/18 09:33:45 10.73   0.10   0.05   1.343  7.16     7.8  12.2   8.88
12/03/18 09:33:46 10.73   0.10   0.05   1.361  7.16     7.7  12.1   8.88
12/03/18 09:33:47 10.73   0.10   0.05   1.380  7.16     7.7  12.1   8.88
12/03/18 09:33:48 10.73   0.10   0.05   1.402  7.16     7.6  12.0   8.88
12/03/18 09:33:49 10.73   0.10   0.05   1.422  7.16     7.6  12.0   8.87
12/03/18 09:33:50 10.73   0.10   0.05   1.441  7.16     7.6  11.9   8.87
12/03/18 09:33:51 10.73   0.10   0.05   1.459  7.16     7.5  11.9   8.87
12/03/18 09:33:52 10.73   0.10   0.05   1.481  7.16     7.5  11.8   8.86
12/03/18 09:33:53 10.73   0.10   0.05   1.498  7.16     7.5  11.8   8.86
12/03/18 09:33:54 10.73   0.10   0.05   1.518  7.16     7.5  11.7   8.86
12/03/18 09:33:55 10.73   0.10   0.05   1.535  7.16     7.6  11.7   8.86
12/03/18 09:33:56 10.73   0.10   0.05   1.556  7.16     7.6  11.7   8.86
12/03/18 09:33:57 10.73   0.10   0.05   1.575  7.16     7.6  11.7   8.85
12/03/18 09:33:58 10.73   0.10   0.05   1.592  7.16     7.7  11.7   8.85
12/03/18 09:33:59 10.72   0.10   0.05   1.610  7.16     7.7  11.7   8.85
12/03/18 09:34:00 10.72   0.10   0.05   1.635  7.16     7.8  11.7   8.85
12/03/18 09:34:01 10.71   0.10   0.05   1.652  7.16     7.8  11.8   8.85
12/03/18 09:34:02 10.71   0.10   0.05   1.671  7.16     7.9  11.9   8.85
12/03/18 09:34:03 10.71   0.10   0.05   1.689  7.15     7.9  12.0   8.85
12/03/18 09:34:04 10.71   0.10   0.05   1.710  7.15     7.9  12.1   8.85
12/03/18 09:34:05 10.71   0.10   0.05   1.729  7.15     7.9  12.3   8.85
12/03/18 09:34:06 10.71   0.10   0.05   1.748  7.15     8.0  12.4   8.85
12/03/18 09:34:07 10.71   0.10   0.05   1.766  7.15     8.0  12.5   8.85
12/03/18 09:34:08 10.70   0.10   0.05   1.784  7.15     7.9  12.6   8.85
12/03/18 09:34:09 10.70   0.10   0.05   1.805  7.15     7.9  12.7   8.84
12/03/18 09:34:10 10.70   0.10   0.05   1.824  7.15     7.9  12.8   8.84
12/03/18 09:34:11 10.70   0.10   0.05   1.843  7.15     7.9  12.8   8.84
12/03/18 09:34:12 10.69   0.10   0.05   1.864  7.15     7.8  12.8   8.84
12/03/18 09:34:13 10.69   0.10   0.05   1.881  7.15     7.8  12.7   8.84
12/03/18 09:34:14 10.68   0.10   0.05   1.899  7.15     7.8  12.6   8.84
12/03/18 09:34:15 10.67   0.10   0.05   1.919  7.15     7.8  12.5   8.84
12/03/18 09:34:16 10.67   0.10   0.05   1.939  7.15     7.7  12.4   8.84
12/03/18 09:34:17 10.66   0.10   0.05   1.958  7.15     7.7  12.3   8.83
12/03/18 09:34:18 10.66   0.10   0.05   1.975  7.15     7.7  12.1   8.83
12/03/18 09:34:19 10.66   0.10   0.05   1.994  7.14     7.7  11.9   8.83
12/03/18 09:34:20 10.65   0.10   0.05   2.013  7.14     7.7  11.7   8.83
12/03/18 09:34:21 10.65   0.10   0.05   2.034  7.14     7.7  11.5   8.83
12/03/18 09:34:22 10.65   0.10   0.05   2.052  7.14     7.7  11.4   8.82
12/03/18 09:34:23 10.65   0.10   0.05   2.072  7.14     7.7  11.2   8.82
12/03/18 09:34:24 10.65   0.10   0.05   2.092  7.14     7.8  11.0   8.82
12/03/18 09:34:25 10.64   0.10   0.05   2.112  7.14     7.8  10.9   8.82
12/03/18 09:34:26 10.64   0.10   0.05   2.129  7.14     7.8  10.8   8.81
12/03/18 09:34:27 10.63   0.10   0.05   2.147  7.14     7.8  10.7   8.81
12/03/18 09:34:28 10.63   0.10   0.05   2.167  7.14     7.8  10.6   8.81
12/03/18 09:34:29 10.63   0.10   0.05   2.188  7.14     7.8  10.6   8.80
12/03/18 09:34:30 10.62   0.10   0.05   2.207  7.14     7.8  10.5   8.80
12/03/18 09:34:31 10.62   0.10   0.05   2.226  7.14     7.8  10.5   8.79
12/03/18 09:34:32 10.62   0.10   0.05   2.245  7.14     7.8  10.5   8.79
12/03/18 09:34:33 10.62   0.10   0.05   2.266  7.14     7.8  10.5   8.79
12/03/18 09:34:34 10.61   0.10   0.05   2.284  7.14     7.8  10.5   8.78
12/03/18 09:34:35 10.61   0.10   0.05   2.303  7.14     7.8  10.5   8.78
12/03/18 09:34:36 10.61   0.10   0.05   2.323  7.14     7.7  10.5   8.77
12/03/18 09:34:37 10.61   0.10   0.05   2.340  7.14     7.7  10.5   8.77
12/03/18 09:34:38 10.61   0.10   0.05   2.362  7.14     7.7  10.5   8.76
12/03/18 09:34:39 10.61   0.10   0.05   2.382  7.14     7.7  10.5   8.76
12/03/18 09:34:40 10.61   0.10   0.05   2.399  7.14     7.7  10.5   8.75
12/03/18 09:34:41 10.61   0.10   0.05   2.417  7.14     7.7  10.6   8.75
12/03/18 09:34:42 10.60   0.10   0.05   2.438  7.14     7.7  10.7   8.75
12/03/18 09:34:43 10.60   0.10   0.05   2.456  7.14     7.8  10.8   8.74
12/03/18 09:34:44 10.60   0.10   0.05   2.475  7.14     7.8  10.9   8.74
12/03/18 09:34:45 10.60   0.10   0.05   2.492  7.14     7.8  11.1   8.74
12/03/18 09:34:46 10.60   0.10   0.05   2.513  7.14     7.8  11.4   8.73
12/03/18 09:34:47 10.60   0.10   0.05   2.530  7.14     7.8  11.6   8.73
12/03/18 09:34:48 10.60   0.10   0.05   2.548  7.13     7.9  11.9   8.73
12/03/18 09:34:49 10.60   0.10   0.05   2.565  7.13     7.9  12.2   8.72
12/03/18 09:34:50 10.60   0.10   0.05   2.587  7.13     7.9  12.5   8.72
12/03/18 09:34:51 10.60   0.10   0.05   2.603  7.13     8.0  12.7   8.72
12/03/18 09:34:52 10.61   0.10   0.05   2.620  7.13     8.0  13.0   8.72
12/03/18 09:34:53 10.61   0.10   0.05   2.638  7.13     8.0  13.2   8.71
12/03/18 09:34:54 10.61   0.10   0.05   2.658  7.13     8.0  13.4   8.71
12/03/18 09:34:55 10.61   0.10   0.05   2.676  7.14     8.0  13.5   8.71
12/03/18 09:34:56 10.62   0.10   0.05   2.693  7.14     8.0  13.6   8.71
12/03/18 09:34:57 10.62   0.10   0.05   2.710  7.14     8.0  13.6   8.70
12/03/18 09:34:58 10.62   0.10   0.05   2.730  7.14     8.0  13.6   8.70
12/03/18 09:34:59 10.62   0.10   0.05   2.749  7.14     8.0  13.6   8.70
12/03/18 09:35:00 10.62   0.10   0.05   2.767  7.14     8.0  13.5   8.70
12/03/18 09:35:01 10.62   0.10   0.05   2.785  7.14     8.0  13.4   8.69
12/03/18 09:35:02 10.62   0.10   0.05   2.805  7.14     8.0  13.3   8.69
12/03/18 09:35:03 10.61   0.10   0.05   2.821  7.14     8.0  13.2   8.69
12/03/18 09:35:04 10.61   0.10   0.05   2.840  7.14     8.0  13.1   8.69
12/03/18 09:35:05 10.61   0.10   0.05   2.858  7.14     7.9  13.0   8.68
12/03/18 09:35:06 10.60   0.10   0.05   2.874  7.14     7.9  12.9   8.68
12/03/18 09:35:07 10.59   0.10   0.05   2.895  7.14     7.9  12.8   8.68
12/03/18 09:35:08 10.59   0.10   0.05   2.911  7.14     7.9  12.8   8.68
12/03/18 09:35:09 10.58   0.10   0.05   2.929  7.14     7.9  12.7   8.68
12/03/18 09:35:10 10.58   0.10   0.05   2.947  7.14     7.9  12.7   8.67
12/03/18 09:35:11 10.57   0.10   0.05   2.968  7.14     7.9  12.7   8.67
12/03/18 09:35:12 10.57   0.10   0.05   2.985  7.14     7.9  12.7   8.67
12/03/18 09:35:13 10.57   0.10   0.05   3.004  7.14     7.9  12.7   8.67
12/03/18 09:35:14 10.56   0.10   0.05   3.022  7.14     7.9  12.7   8.67
12/03/18 09:35:15 10.56   0.10   0.05   3.043  7.14     7.9  12.7   8.66
12/03/18 09:35:16 10.56   0.10   0.05   3.060  7.14     7.9  12.8   8.66
12/03/18 09:35:17 10.56   0.10   0.05   3.080  7.14     7.9  12.8   8.66
12/03/18 09:35:18 10.56   0.10   0.05   3.095  7.14     7.9  12.9   8.66
12/03/18 09:35:19 10.55   0.10   0.05   3.117  7.14     7.9  12.9   8.66
12/03/18 09:35:20 10.55   0.10   0.05   3.134  7.14     7.9  13.0   8.65
12/03/18 09:35:21 10.55   0.10   0.05   3.152  7.14     7.9  13.0   8.65
12/03/18 09:35:22 10.55   0.10   0.05   3.170  7.13     7.9  13.1   8.65
12/03/18 09:35:23 10.55   0.10   0.05   3.190  7.13     7.9  13.1   8.65
12/03/18 09:35:24 10.55   0.10   0.05   3.208  7.13     7.9  13.1   8.65
12/03/18 09:35:25 10.55   0.10   0.05   3.225  7.13     7.9  13.1   8.65
12/03/18 09:35:26 10.55   0.10   0.05   3.245  7.13     7.9  13.1   8.64
12/03/18 09:35:28 10.55   0.10   0.05   3.266  7.13     7.9  13.1   8.64
12/03/18 09:35:29 10.55   0.10   0.05   3.282  7.13     7.9  13.0   8.64
12/03/18 09:35:30 10.55   0.10   0.05   3.302  7.13     7.8  13.0   8.64
12/03/18 09:35:31 10.55   0.10   0.05   3.319  7.13     7.8  13.0   8.64
12/03/18 09:35:32 10.55   0.10   0.05   3.336  7.13     7.8  12.9   8.64
12/03/18 09:35:33 10.54   0.10   0.05   3.356  7.13     7.8  12.9   8.64
12/03/18 09:35:34 10.54   0.10   0.05   3.375  7.13     7.8  12.9   8.64
12/03/18 09:35:35 10.54   0.10   0.05   3.392  7.13     7.8  12.9   8.64
12/03/18 09:35:36 10.54   0.10   0.05   3.410  7.13     7.8  12.8   8.63
12/03/18 09:35:37 10.54   0.10   0.05   3.431  7.13     7.8  12.8   8.63
12/03/18 09:35:38 10.54   0.10   0.05   3.448  7.13     7.8  12.8   8.63
12/03/18 09:35:39 10.54   0.10   0.05   3.467  7.13     7.8  12.8   8.63
12/03/18 09:35:40 10.54   0.10   0.05   3.484  7.13     7.8  12.8   8.63
12/03/18 09:35:41 10.54   0.10   0.05   3.503  7.13     7.8  12.8   8.63
12/03/18 09:35:42 10.54   0.10   0.05   3.521  7.13     7.8  12.7   8.63
12/03/18 09:35:43 10.54   0.10   0.05   3.541  7.13     7.8  12.7   8.63
12/03/18 09:35:44 10.54   0.10   0.05   3.557  7.13     7.7  12.6   8.63
12/03/18 09:35:45 10.54   0.10   0.05   3.576  7.13     7.7  12.5   8.63
12/03/18 09:35:46 10.54   0.10   0.05   3.595  7.13     7.7  12.4   8.63
12/03/18 09:35:47 10.54   0.10   0.05   3.613  7.13     7.7  12.3   8.63
12/03/18 09:35:48 10.54   0.10   0.05   3.630  7.12     7.6  12.2   8.63
12/03/18 09:35:49 10.54   0.10   0.05   3.652  7.12     7.6  12.0   8.62
12/03/18 09:35:50 10.54   0.10   0.05   3.666  7.12     7.6  11.9   8.62
12/03/18 09:35:51 10.54   0.10   0.05   3.685  7.12     7.6  11.8   8.62
12/03/18 09:35:52 10.54   0.10   0.05   3.704  7.12     7.6  11.6   8.62
12/03/18 09:35:53 10.54   0.10   0.05   3.724  7.12     7.5  11.6   8.62
12/03/18 09:35:54 10.54   0.10   0.05   3.742  7.12     7.5  11.5   8.62
12/03/18 09:35:55 10.54   0.10   0.05   3.758  7.12     7.5  11.5   8.62
12/03/18 09:35:56 10.54   0.10   0.05   3.776  7.12     7.6  11.6   8.62
12/03/18 09:35:57 10.54   0.10   0.05   3.799  7.12     7.6  11.7   8.62
12/03/18 09:35:58 10.54   0.10   0.05   3.814  7.12     7.6  11.9   8.62
12/03/18 09:35:59 10.54   0.10   0.05   3.833  7.12     7.6  12.1   8.62
12/03/18 09:36:00 10.54   0.10   0.05   3.849  7.12     7.6  12.3   8.62
12/03/18 09:36:01 10.54   0.10   0.05   3.867  7.12     7.7  12.6   8.62
12/03/18 09:36:02 10.54   0.10   0.05   3.887  7.12     7.7  12.8   8.62
12/03/18 09:36:03 10.54   0.10   0.05   3.905  7.12     7.8  13.1   8.62
12/03/18 09:36:04 10.54   0.10   0.05   3.921  7.12     7.8  13.3   8.62
12/03/18 09:36:05 10.54   0.10   0.05   3.937  7.12     7.8  13.5   8.62
12/03/18 09:36:06 10.54   0.10   0.05   3.960  7.12     7.8  13.6   8.62
12/03/18 09:36:07 10.54   0.10   0.05   3.977  7.12     7.9  13.7   8.62
12/03/18 09:36:08 10.53   0.10   0.05   3.994  7.12     7.9  13.7   8.62
12/03/18 09:36:09 10.53   0.10   0.05   4.012  7.12     7.9  13.6   8.62
12/03/18 09:36:10 10.53   0.10   0.05   4.033  7.12     7.9  13.5   8.62
12/03/18 09:36:11 10.52   0.10   0.05   4.051  7.12     7.9  13.3   8.62
12/03/18 09:36:12 10.52   0.10   0.05   4.070  7.12     7.9  13.1   8.62
12/03/18 09:36:13 10.52   0.10   0.05   4.085  7.12     7.9  12.9   8.62
12/03/18 09:36:14 10.52   0.10   0.05   4.107  7.12     7.9  12.7   8.62
12/03/18 09:36:15 10.52   0.10   0.05   4.125  7.12     7.9  12.5   8.62
12/03/18 09:36:16 10.51   0.10   0.05   4.143  7.12     7.9  12.3   8.62
12/03/18 09:36:17 10.51   0.10   0.05   4.160  7.11     7.8  12.1   8.61
12/03/18 09:36:18 10.52   0.10   0.05   4.182  7.11     7.8  12.0   8.61
12/03/18 09:36:19 10.52   0.10   0.05   4.198  7.11     7.8  11.9   8.61
12/03/18 09:36:20 10.52   0.10   0.05   4.216  7.11     7.8  11.8   8.61
12/03/18 09:36:21 10.51   0.10   0.05   4.233  7.11     7.8  11.7   8.61
12/03/18 09:36:22 10.51   0.10   0.05   4.255  7.11     7.8  11.7   8.60
12/03/18 09:36:23 10.51   0.10   0.05   4.272  7.11     7.8  11.7   8.60
12/03/18 09:36:24 10.51   0.10   0.05   4.289  7.11     7.8  11.6   8.60
12/03/18 09:36:25 10.51   0.10   0.05   4.307  7.11     7.9  11.6   8.60
12/03/18 09:36:26 10.51   0.10   0.05   4.329  7.11     7.9  11.6   8.60
12/03/18 09:36:27 10.51   0.10   0.05   4.346  7.11     7.9  11.6   8.59
12/03/18 09:36:28 10.51   0.10   0.05   4.365  7.11     7.9  11.6   8.59
12/03/18 09:36:29 10.51   0.10   0.05   4.383  7.11     7.9  11.6   8.59
12/03/18 09:36:30 10.51   0.10   0.05   4.404  7.10     7.9  11.6   8.59
12/03/18 09:36:31 10.50   0.10   0.05   4.419  7.10     7.9  11.5   8.59
12/03/18 09:36:32 10.50   0.10   0.05   4.438  7.10     7.9  11.5   8.59
12/03/18 09:36:33 10.50   0.10   0.05   4.456  7.10     7.9  11.5   8.59
12/03/18 09:36:34 10.50   0.10   0.05   4.473  7.10     7.9  11.5   8.59
12/03/18 09:36:35 10.50   0.10   0.05   4.493  7.10     7.9  11.6   8.58
12/03/18 09:36:36 10.50   0.10   0.05   4.511  7.10     7.9  11.6   8.58
12/03/18 09:36:37 10.50   0.10   0.05   4.529  7.10     7.9  11.6   8.58
12/03/18 09:36:38 10.50   0.10   0.05   4.546  7.10     7.9  11.7   8.58
12/03/18 09:36:39 10.50   0.10   0.05   4.568  7.10     7.9  11.8   8.58
12/03/18 09:36:40 10.50   0.10   0.05   4.586  7.10     7.9  11.8   8.58
12/03/18 09:36:41 10.49   0.10   0.05   4.603  7.10     7.9  11.9   8.58
12/03/18 09:36:42 10.49   0.10   0.05   4.620  7.10     7.9  12.0   8.58
12/03/18 09:36:43 10.49   0.10   0.05   4.640  7.10     8.0  12.1   8.58
12/03/18 09:36:44 10.49   0.10   0.05   4.659  7.10     8.0  12.1   8.58
12/03/18 09:36:45 10.49   0.10   0.05   4.677  7.10     8.0  12.2   8.57
12/03/18 09:36:46 10.49   0.10   0.05   4.692  7.10     8.0  12.2   8.57
12/03/18 09:36:47 10.49   0.10   0.05   4.713  7.10     8.1  12.3   8.57
12/03/18 09:36:48 10.49   0.10   0.05   4.730  7.10     8.1  12.3   8.57
12/03/18 09:36:49 10.49   0.10   0.05   4.748  7.10     8.2  12.3   8.57
12/03/18 09:36:50 10.49   0.10   0.05   4.765  7.10     8.2  12.3   8.57
12/03/18 09:36:51 10.49   0.10   0.05   4.786  7.10     8.3  12.3   8.57
12/03/18 09:36:52 10.49   0.10   0.05   4.804  7.10     8.3  12.4   8.57
12/03/18 09:36:53 10.49   0.10   0.05   4.821  7.10     8.4  12.4   8.57
12/03/18 09:36:54 10.49   0.10   0.05   4.839  7.10     8.4  12.4   8.56
12/03/18 09:36:55 10.48   0.10   0.05   4.859  7.10     8.5  12.5   8.56
12/03/18 09:36:56 10.48   0.10   0.05   4.876  7.10     8.5  12.5   8.56
12/03/18 09:36:57 10.48   0.10   0.05   4.894  7.10     8.6  12.6   8.56
12/03/18 09:36:58 10.48   0.10   0.05   4.910  7.10     8.6  12.6   8.56
12/03/18 09:36:59 10.48   0.10   0.05   4.927  7.10     8.6  12.7   8.56
12/03/18 09:37:00 10.48   0.10   0.05   4.948  7.10     8.7  12.8   8.56
12/03/18 09:37:01 10.48   0.10   0.05   4.965  7.10     8.7  12.8   8.55
12/03/18 09:37:02 10.48   0.10   0.05   4.984  7.10     8.7  12.8   8.55
12/03/18 09:37:03 10.48   0.10   0.05   5.001  7.10     8.7  12.9   8.55
12/03/18 09:37:04 10.47   0.10   0.05   5.022  7.10     8.8  12.9   8.55
12/03/18 09:37:05 10.47   0.10   0.05   5.040  7.10     8.8  12.9   8.55
12/03/18 09:37:06 10.47   0.10   0.05   5.058  7.10     8.8  12.8   8.54
12/03/18 09:37:07 10.47   0.10   0.05   5.074  7.10     8.8  12.8   8.54
12/03/18 09:37:08 10.47   0.10   0.05   5.095  7.10     8.8  12.7   8.54
12/03/18 09:37:09 10.47   0.10   0.05   5.112  7.10     8.8  12.6   8.53
12/03/18 09:37:10 10.47   0.10   0.05   5.132  7.10     8.8  12.6   8.53
12/03/18 09:37:11 10.46   0.10   0.05   5.150  7.09     8.8  12.5   8.52
12/03/18 09:37:12 10.46   0.10   0.05   5.169  7.09     8.8  12.4   8.52
12/03/18 09:37:13 10.46   0.10   0.05   5.187  7.09     8.8  12.3   8.52
12/03/18 09:37:14 10.46   0.10   0.05   5.203  7.09     8.8  12.2   8.51
12/03/18 09:37:15 10.46   0.10   0.05   5.220  7.09     8.8  12.1   8.51
12/03/18 09:37:16 10.45   0.10   0.05   5.241  7.09     8.8  12.0   8.50
12/03/18 09:37:17 10.45   0.10   0.05   5.260  7.09     8.9  12.0   8.50
12/03/18 09:37:18 10.45   0.10   0.05   5.278  7.09     8.9  12.0   8.50
12/03/18 09:37:19 10.45   0.10   0.05   5.295  7.09     8.9  11.9   8.49
12/03/18 09:37:20 10.44   0.10   0.05   5.316  7.09     8.9  11.9   8.49
12/03/18 09:37:21 10.44   0.10   0.05   5.333  7.09     8.9  11.9   8.48
12/03/18 09:37:22 10.44   0.10   0.05   5.351  7.09     8.9  12.0   8.48
12/03/18 09:37:23 10.44   0.10   0.05   5.370  7.09     9.0  12.0   8.48
12/03/18 09:37:24 10.44   0.10   0.05   5.390  7.09     9.0  12.0   8.47
12/03/18 09:37:25 10.44   0.10   0.05   5.410  7.09     9.0  12.1   8.47
12/03/18 09:37:26 10.44   0.10   0.05   5.428  7.09     9.0  12.1   8.47
12/03/18 09:37:27 10.44   0.10   0.05   5.445  7.09     9.0  12.2   8.46
12/03/18 09:37:28 10.44   0.10   0.05   5.462  7.09     9.0  12.3   8.46
12/03/18 09:37:29 10.44   0.10   0.05   5.482  7.09     9.0  12.3   8.46
12/03/18 09:37:30 10.43   0.10   0.05   5.499  7.09     9.0  12.4   8.46
12/03/18 09:37:31 10.43   0.10   0.05   5.518  7.09     9.0  12.5   8.45
12/03/18 09:37:32 10.43   0.10   0.05   5.536  7.09     8.9  12.5   8.45
12/03/18 09:37:33 10.42   0.10   0.05   5.555  7.09     8.9  12.5   8.45
12/03/18 09:37:34 10.42   0.10   0.05   5.573  7.09     8.9  12.5   8.45
12/03/18 09:37:35 10.42   0.10   0.05   5.592  7.09     8.9  12.5   8.45
12/03/18 09:37:36 10.41   0.10   0.05   5.607  7.09     8.9  12.5   8.44
12/03/18 09:37:37 10.41   0.10   0.05   5.630  7.08     8.9  12.5   8.44
12/03/18 09:37:38 10.41   0.10   0.05   5.648  7.08     8.9  12.5   8.44
12/03/18 09:37:39 10.40   0.10   0.05   5.665  7.08     9.0  12.4   8.44
12/03/18 09:37:40 10.40   0.10   0.05   5.682  7.08     9.0  12.3   8.44
12/03/18 09:37:41 10.40   0.10   0.05   5.703  7.08     9.0  12.3   8.44
12/03/18 09:37:42 10.40   0.10   0.05   5.719  7.08     9.0  12.2   8.43
12/03/18 09:37:43 10.40   0.10   0.05   5.739  7.08     9.0  12.1   8.43
12/03/18 09:37:44 10.40   0.10   0.05   5.756  7.08     9.0  12.0   8.43
12/03/18 09:37:45 10.39   0.10   0.05   5.774  7.08     9.1  12.0   8.43
12/03/18 09:37:46 10.39   0.10   0.05   5.794  7.07     9.1  11.9   8.43
12/03/18 09:37:47 10.39   0.10   0.05   5.811  7.07     9.1  11.9   8.43
12/03/18 09:37:48 10.39   0.10   0.05   5.826  7.07     9.1  11.9   8.42
12/03/18 09:37:49 10.39   0.10   0.05   5.848  7.07     9.1  11.9   8.42
12/03/18 09:37:50 10.39   0.10   0.05   5.866  7.07     9.1  12.0   8.42
12/03/18 09:37:51 10.39   0.10   0.05   5.883  7.07     9.1  12.0   8.42
12/03/18 09:37:52 10.40   0.10   0.05   5.899  7.07     9.1  12.1   8.42
12/03/18 09:37:53 10.40   0.10   0.05   5.921  7.07     9.1  12.2   8.42
12/03/18 09:37:54 10.40   0.10   0.05   5.938  7.07     9.1  12.3   8.42
12/03/18 09:37:55 10.39   0.10   0.05   5.957  7.07     9.1  12.4   8.42
12/03/18 09:37:56 10.39   0.10   0.05   5.973  7.06     9.1  12.5   8.41
12/03/18 09:37:57 10.39   0.10   0.05   5.993  7.06     9.1  12.6   8.41
12/03/18 09:37:58 10.39   0.10   0.05   6.012  7.06     9.1  12.6   8.41
12/03/18 09:37:59 10.38   0.10   0.05   6.029  7.06     9.1  12.7   8.41
12/03/18 09:38:00 10.38   0.10   0.05   6.045  7.06     9.1  12.6   8.41
12/03/18 09:38:01 10.38   0.10   0.05   6.067  7.06     9.1  12.6   8.41
12/03/18 09:38:02 10.38   0.10   0.05   6.085  7.06     9.1  12.5   8.41
12/03/18 09:38:03 10.38   0.10   0.05   6.102  7.06     9.1  12.4   8.41
12/03/18 09:38:04 10.37   0.10   0.05   6.120  7.06     9.2  12.3   8.41
12/03/18 09:38:05 10.37   0.10   0.05   6.142  7.06     9.2  12.2   8.41
12/03/18 09:38:06 10.37   0.10   0.05   6.161  7.06     9.2  12.0   8.41
12/03/18 09:38:07 10.37   0.10   0.05   6.177  7.06     9.2  11.9   8.41
12/03/18 09:38:08 10.37   0.10   0.05   6.195  7.06     9.2  11.8   8.41
12/03/18 09:38:09 10.36   0.10   0.05   6.211  7.06     9.2  11.7   8.41
12/03/18 09:38:10 10.36   0.10   0.05   6.232  7.07     9.2  11.7   8.40
12/03/18 09:38:11 10.36   0.10   0.05   6.250  7.07     9.2  11.6   8.40
12/03/18 09:38:12 10.36   0.10   0.05   6.269  7.07     9.2  11.6   8.40
12/03/18 09:38:13 10.36   0.10   0.05   6.285  7.06     9.2  11.6   8.40
12/03/18 09:38:14 10.35   0.10   0.05   6.306  7.06     9.1  11.6   8.40
12/03/18 09:38:15 10.35   0.10   0.05   6.324  7.06     9.1  11.6   8.40
12/03/18 09:38:16 10.35   0.10   0.05   6.341  7.06     9.1  11.7   8.40
12/03/18 09:38:17 10.35   0.10   0.05   6.360  7.06     9.0  11.7   8.40
12/03/18 09:38:18 10.34   0.10   0.05   6.380  7.06     9.0  11.7   8.40
12/03/18 09:38:19 10.34   0.10   0.05   6.398  7.06     8.9  11.7   8.40
12/03/18 09:38:20 10.34   0.10   0.05   6.416  7.06     8.9  11.7   8.40
12/03/18 09:38:21 10.34   0.10   0.05   6.433  7.06     8.9  11.7   8.40
12/03/18 09:38:22 10.34   0.10   0.05   6.451  7.06     8.9  11.7   8.40
12/03/18 09:38:23 10.34   0.10   0.05   6.470  7.05     8.9  11.6   8.39
12/03/18 09:38:24 10.33   0.10   0.05   6.489  7.04     8.9  11.6   8.39
12/03/18 09:38:25 10.33   0.10   0.05   6.507  7.03     8.9  11.6   8.39
12/03/18 09:38:26 10.33   0.10   0.05   6.524  7.03     8.9  11.6   8.39
12/03/18 09:38:27 10.33   0.10   0.05   6.544  7.03     8.9  11.5   8.39
12/03/18 09:38:28 10.32   0.10   0.05   6.563  7.04     9.0  11.5   8.39
12/03/18 09:38:29 10.32   0.10   0.05   6.579  7.04     9.0  11.5   8.39
12/03/18 09:38:30 10.32   0.10   0.05   6.597  7.04     9.1  11.6   8.39
12/03/18 09:38:31 10.31   0.10   0.05   6.617  7.05     9.1  11.6   8.39
12/03/18 09:38:32 10.31   0.10   0.05   6.634  7.05     9.1  11.6   8.39
12/03/18 09:38:33 10.30   0.10   0.05   6.653  7.05     9.2  11.7   8.39
12/03/18 09:38:34 10.30   0.10   0.05   6.670  7.05     9.2  11.7   8.39
12/03/18 09:38:35 10.30   0.10   0.05   6.691  7.05     9.3  11.7   8.39
12/03/18 09:38:36 10.30   0.10   0.05   6.708  7.05     9.3  11.8   8.39
12/03/18 09:38:37 10.29   0.10   0.05   6.727  7.05     9.3  11.8   8.39
12/03/18 09:38:38 10.29   0.10   0.05   6.744  7.05     9.3  11.9   8.39
12/03/18 09:38:39 10.29   0.10   0.05   6.764  7.05     9.3  11.9   8.39
12/03/18 09:38:40 10.29   0.10   0.05   6.781  7.05     9.3  11.9   8.39
12/03/18 09:38:41 10.28   0.10   0.05   6.798  7.05     9.3  11.9   8.39
12/03/18 09:38:42 10.28   0.10   0.05   6.815  7.05     9.3  11.9   8.39
12/03/18 09:38:43 10.28   0.10   0.05   6.836  7.05     9.3  11.9   8.39
12/03/18 09:38:44 10.27   0.10   0.05   6.851  7.05     9.3  11.9   8.38
12/03/18 09:38:45 10.27   0.10   0.05   6.869  7.05     9.3  11.9   8.38
12/03/18 09:38:46 10.27   0.10   0.05   6.887  7.05     9.3  11.9   8.38
12/03/18 09:38:47 10.27   0.10   0.05   6.908  7.05     9.3  11.9   8.38
12/03/18 09:38:48 10.26   0.10   0.05   6.927  7.06     9.4  11.9   8.38
12/03/18 09:38:49 10.26   0.10   0.05   6.944  7.05     9.4  11.9   8.38
12/03/18 09:38:50 10.26   0.10   0.05   6.961  7.05     9.4  11.9   8.38
12/03/18 09:38:51 10.26   0.10   0.05   6.979  7.05     9.4  11.9   8.38
12/03/18 09:38:52 10.26   0.10   0.05   6.999  7.05     9.4  11.9   8.38
12/03/18 09:38:53 10.26   0.10   0.05   7.017  7.05     9.5  11.9   8.37
12/03/18 09:38:54 10.25   0.10   0.05   7.036  7.05     9.5  12.0   8.37
12/03/18 09:38:55 10.25   0.10   0.05   7.053  7.05     9.5  12.0   8.37
12/03/18 09:38:56 10.25   0.10   0.05   7.075  7.05     9.5  12.0   8.37
12/03/18 09:38:57 10.25   0.10   0.05   7.091  7.05     9.5  12.0   8.37
12/03/18 09:38:58 10.25   0.10   0.05   7.109  7.05     9.6  12.0   8.37
12/03/18 09:38:59 10.25   0.10   0.05   7.126  7.05     9.6  12.1   8.36
12/03/18 09:39:00 10.25   0.10   0.05   7.147  7.05     9.6  12.1   8.36
12/03/18 09:39:01 10.25   0.10   0.05   7.165  7.05     9.6  12.1   8.36
12/03/18 09:39:02 10.25   0.10   0.05   7.184  7.05     9.6  12.1   8.36
12/03/18 09:39:03 10.25   0.10   0.05   7.202  7.05     9.6  12.1   8.36
12/03/18 09:39:04 10.24   0.10   0.05   7.224  7.05     9.5  12.1   8.36
12/03/18 09:39:05 10.24   0.10   0.05   7.241  7.05     9.5  12.1   8.35
12/03/18 09:39:06 10.24   0.10   0.05   7.258  7.05     9.5  12.1   8.35
12/03/18 09:39:07 10.24   0.10   0.05   7.276  7.05     9.5  12.1   8.35
12/03/18 09:39:08 10.24   0.10   0.05   7.296  7.04     9.5  12.0   8.35
12/03/18 09:39:09 10.24   0.10   0.05   7.313  7.04     9.5  12.0   8.35
12/03/18 09:39:10 10.24   0.10   0.05   7.332  7.04     9.6  12.0   8.35
12/03/18 09:39:11 10.24   0.10   0.05   7.350  7.04     9.6  12.0   8.34
12/03/18 09:39:12 10.24   0.10   0.05   7.370  7.04     9.6  12.0   8.34
12/03/18 09:39:13 10.24   0.10   0.05   7.390  7.04     9.6  12.0   8.34
12/03/18 09:39:14 10.24   0.10   0.05   7.406  7.04     9.6  11.9   8.34
12/03/18 09:39:15 10.24   0.10   0.05   7.423  7.04     9.6  11.9   8.34
12/03/18 09:39:16 10.24   0.10   0.05   7.441  7.04     9.6  11.9   8.34
12/03/18 09:39:17 10.24   0.10   0.05   7.462  7.04     9.7  11.8   8.34
12/03/18 09:39:18 10.23   0.10   0.05   7.479  7.04     9.7  11.8   8.33
12/03/18 09:39:19 10.23   0.10   0.05   7.496  7.04     9.7  11.8   8.33
12/03/18 09:39:20 10.23   0.10   0.05   7.514  7.04     9.7  11.8   8.33
12/03/18 09:39:21 10.23   0.10   0.05   7.535  7.04     9.7  11.8   8.33
12/03/18 09:39:22 10.23   0.10   0.05   7.553  7.04     9.7  11.8   8.33
12/03/18 09:39:23 10.23   0.10   0.05   7.570  7.03     9.7  11.8   8.33
12/03/18 09:39:24 10.23   0.10   0.05   7.588  7.04     9.6  11.9   8.33
12/03/18 09:39:25 10.23   0.10   0.05   7.608  7.04     9.6  11.9   8.33
12/03/18 09:39:26 10.23   0.10   0.05   7.626  7.03     9.6  12.0   8.33
12/03/18 09:39:27 10.23   0.10   0.05   7.644  7.03     9.6  12.1   8.33
12/03/18 09:39:28 10.23   0.10   0.05   7.660  7.03     9.6  12.2   8.33
12/03/18 09:39:29 10.23   0.10   0.05   7.683  7.03     9.6  12.3   8.32
12/03/18 09:39:30 10.23   0.10   0.05   7.700  7.03     9.6  12.3   8.32
12/03/18 09:39:31 10.23   0.10   0.05   7.719  7.03     9.6  12.4   8.32
12/03/18 09:39:32 10.22   0.10   0.05   7.739  7.03     9.7  12.5   8.32
12/03/18 09:39:33 10.22   0.10   0.05   7.756  7.03     9.7  12.5   8.32
12/03/18 09:39:34 10.22   0.10   0.05   7.773  7.03     9.7  12.5   8.32
12/03/18 09:39:35 10.22   0.10   0.05   7.792  7.03     9.7  12.5   8.32
12/03/18 09:39:36 10.23   0.10   0.05   7.808  7.03     9.7  12.5   8.32
12/03/18 09:39:37 10.22   0.10   0.05   7.828  7.02     9.7  12.5   8.32
12/03/18 09:39:38 10.22   0.10   0.05   7.845  7.02     9.8  12.4   8.32
12/03/18 09:39:39 10.22   0.10   0.05   7.864  7.02     9.8  12.4   8.31
12/03/18 09:39:40 10.22   0.10   0.05   7.879  7.03     9.8  12.3   8.31
12/03/18 09:39:41 10.22   0.10   0.05   7.900  7.03     9.8  12.3   8.31
12/03/18 09:39:42 10.22   0.10   0.05   7.918  7.03     9.8  12.2   8.31
12/03/18 09:39:43 10.22   0.10   0.05   7.935  7.03     9.8  12.2   8.31
12/03/18 09:39:44 10.22   0.10   0.05   7.952  7.03     9.8  12.1   8.31
12/03/18 09:39:45 10.22   0.10   0.05   7.974  7.03     9.7  12.1   8.31
12/03/18 09:39:46 10.21   0.10   0.05   7.991  7.03     9.7  12.0   8.31
12/03/18 09:39:47 10.21   0.10   0.05   8.009  7.03     9.8  12.0   8.31
12/03/18 09:39:48 10.21   0.10   0.05   8.028  7.03     9.8  12.0   8.31
12/03/18 09:39:49 10.21   0.10   0.05   8.044  7.03     9.8  11.9   8.31
12/03/18 09:39:50 10.21   0.10   0.05   8.065  7.03     9.8  11.9   8.31
12/03/18 09:39:51 10.22   0.10   0.05   8.083  7.03     9.9  11.9   8.31
12/03/18 09:39:52 10.22   0.10   0.05   8.100  7.03     9.9  11.9   8.31
12/03/18 09:39:53 10.22   0.10   0.05   8.119  7.03    10.0  11.9   8.31
12/03/18 09:39:54 10.22   0.10   0.05   8.141  7.03    10.0  11.9   8.31
12/03/18 09:39:55 10.21   0.10   0.05   8.157  7.03    10.1  12.0   8.31
12/03/18 09:39:56 10.21   0.10   0.05   8.176  7.03    10.1  12.0   8.31
12/03/18 09:39:57 10.21   0.10   0.05   8.193  7.02    10.2  12.0   8.31
12/03/18 09:39:58 10.21   0.10   0.05   8.214  7.02    10.2  12.1   8.31
12/03/18 09:39:59 10.21   0.10   0.05   8.231  7.02    10.2  12.1   8.30
12/03/18 09:40:00 10.21   0.10   0.05   8.249  7.02    10.2  12.1   8.30
12/03/18 09:40:01 10.21   0.10   0.05   8.267  7.03    10.1  12.1   8.30
12/03/18 09:40:02 10.21   0.10   0.05   8.288  7.03    10.1  12.1   8.30
12/03/18 09:40:03 10.21   0.10   0.05   8.306  7.02    10.1  12.1   8.30
12/03/18 09:40:04 10.21   0.10   0.05   8.323  7.02    10.0  12.1   8.30
12/03/18 09:40:05 10.21   0.10   0.05   8.341  7.02     9.9  12.0   8.30
12/03/18 09:40:06 10.21   0.10   0.05   8.363  7.02     9.9  11.9   8.30
12/03/18 09:40:07 10.21   0.10   0.05   8.379  7.02     9.8  11.8   8.30
12/03/18 09:40:08 10.21   0.10   0.05   8.397  7.02     9.8  11.7   8.30
12/03/18 09:40:09 10.22   0.10   0.05   8.414  7.02     9.9  11.6   8.30
12/03/18 09:40:10 10.22   0.10   0.05   8.435  7.02     9.9  11.5   8.30
12/03/18 09:40:11 10.22   0.10   0.05   8.453  7.02    10.0  11.3   8.30
12/03/18 09:40:12 10.21   0.10   0.05   8.469  7.02    10.2  11.2   8.30
12/03/18 09:40:13 10.21   0.10   0.05   8.488  7.02    10.4  11.1   8.30
12/03/18 09:40:14 10.21   0.10   0.05   8.509  7.02    10.6  11.1   8.30
12/03/18 09:40:15 10.21   0.10   0.05   8.526  7.02    10.8  11.0   8.30
12/03/18 09:40:16 10.21   0.10   0.05   8.545  7.02    11.0  11.0   8.30
12/03/18 09:40:17 10.21   0.10   0.05   8.561  7.02    11.2  11.0   8.30
12/03/18 09:40:18 10.21   0.10   0.05   8.583  7.01    11.3  11.1   8.30
12/03/18 09:40:19 10.21   0.10   0.05   8.599  7.01    11.4  11.1   8.30
12/03/18 09:40:20 10.21   0.10   0.05   8.618  7.01    11.4  11.2   8.29
12/03/18 09:40:21 10.21   0.10   0.05   8.635  7.00    11.3  11.3   8.29
12/03/18 09:40:22 10.21   0.10   0.05   8.651  7.00    11.1  11.5   8.29
12/03/18 09:40:23 10.21   0.10   0.05   8.672  7.00    10.8  11.6   8.29
12/03/18 09:40:24 10.21   0.10   0.05   8.690  7.00    10.4  11.7   8.29
12/03/18 09:40:25 10.21   0.10   0.05   8.709  7.00    10.0  11.8   8.29
12/03/18 09:40:26 10.21   0.10   0.05   8.726  7.00     9.6  11.9   8.29
12/03/18 09:40:27 10.21   0.10   0.05   8.746  7.00     9.1  12.0   8.29
12/03/18 09:40:28 10.21   0.10   0.05   8.765  7.00     8.8  12.0   8.29
12/03/18 09:40:29 10.21   0.10   0.05   8.782  7.00     8.6  12.0   8.28
12/03/18 09:40:30 10.21   0.10   0.05   8.799  7.00     8.5  12.0   8.28
12/03/18 09:40:31 10.21   0.10   0.05   8.820  7.00     8.8  12.0   8.28
12/03/18 09:40:32 10.21   0.10   0.05   8.837  7.00     9.3  12.0   8.28
12/03/18 09:40:33 10.21   0.10   0.05   8.853  7.01    10.1  12.0   8.28
12/03/18 09:40:34 10.21   0.10   0.05   8.871  7.01    11.2  12.1   8.28
12/03/18 09:40:35 10.21   0.10   0.05   8.892  7.01    12.7  12.1   8.28
12/03/18 09:40:36 10.21   0.10   0.05   8.907  7.01    14.5  12.2   8.28
12/03/18 09:40:37 10.21   0.10   0.05   8.927  7.01    16.6  12.4   8.28
12/03/18 09:40:38 10.21   0.10   0.05   8.941  7.01    18.9  12.6   8.28
12/03/18 09:40:39 10.21   0.10   0.05   8.950  7.01    21.3  12.8   8.28
12/03/18 09:40:40 10.21   0.10   0.05   8.953  7.01    23.7  13.1   8.28
12/03/18 09:40:41 10.21   0.10   0.05   8.956  7.01    26.1  13.3   8.28
12/03/18 09:40:42 10.21   0.10   0.05   8.958  7.01    28.3  13.6   8.28
12/03/18 09:40:43 10.21   0.10   0.05   8.960  7.01    30.3  13.8   8.28
12/03/18 09:40:44 10.21   0.10   0.05   8.963  7.01    32.0  14.0   8.27
12/03/18 09:40:45 10.21   0.10   0.05   8.965  7.01    33.3  14.1   8.27
12/03/18 09:40:46 10.21   0.10   0.05   8.966  7.01    34.3  14.1   8.27
12/03/18 09:40:47 10.21   0.10   0.05   8.968  7.01    35.1  14.0   8.27
12/03/18 09:40:48 10.21   0.10   0.05   8.971  7.01    35.6  13.7   8.27
12/03/18 09:40:49 10.21   0.10   0.05   8.973  7.01    36.0  13.2   8.27
12/03/18 09:40:50 10.21   0.10   0.05   8.978  7.01    36.5  12.7   8.27
12/03/18 09:40:51 10.21   0.10   0.05   8.982  7.01    37.2  11.9   8.27
12/03/18 09:40:52 10.21   0.10   0.05   8.986  7.02    38.4  11.1   8.27
12/03/18 09:40:53 10.21   0.11   0.05   8.991  7.02    40.3  10.2   8.27
12/03/18 09:40:54 10.22   0.15   0.07   8.996  7.01    43.1   9.2   8.27
12/03/18 09:40:55 10.22   0.19   0.09   8.997  6.99    47.0   8.2   8.26
12/03/18 09:40:56 10.24   0.21   0.10   8.998  6.94    52.2   7.2   8.26
12/03/18 09:40:57 10.25   0.21   0.10   8.998  6.90    58.7   6.2   8.26
12/03/18 09:41:05 10.29   0.22   0.10   8.998  6.81   153.4   2.8   8.24
12/03/18 09:41:07 10.29   0.21   0.10   8.998  6.80   179.8   2.9   8.24
12/03/18 09:41:00 10.27   0.21   0.10   8.999  6.84    86.9   4.0   8.25
12/03/18 09:41:01 10.27   0.22   0.10   8.999  6.83    98.9   3.5   8.25
12/03/18 09:41:04 10.28   0.22   0.10   8.999  6.81   139.5   2.8   8.24
12/03/18 09:41:06 10.29   0.21   0.10   8.999  6.80   167.0   2.8   8.24
12/03/18 09:40:58 10.26   0.21   0.10   9.000  6.88    66.7   5.4   8.26
12/03/18 09:40:59 10.26   0.21   0.10   9.000  6.86    76.1   4.6   8.25
12/03/18 09:41:02 10.28   0.22   0.10   9.000  6.82   111.9   3.2   8.25
12/03/18 09:41:03 10.28   0.22   0.10   9.000  6.81   125.5   2.9   8.24

Profile Time: 10:00:00
Profile Date: 12/03/2018
Profile Location: jlwhiteoak Serial no: : 17E101477, ID: : EXO Sonde
Sonde data Status: Unfiltered, VisualCheck
Data Status: , PostCal
12/03/18 10:00:02 10.97   0.10   0.05   0.078  7.12     7.8   9.7   9.02
12/03/18 10:00:03 10.97   0.10   0.05   0.078  7.12     7.8   9.8   9.02
12/03/18 10:00:07 10.97   0.10   0.05   0.078  7.12     8.0  10.2   9.02
12/03/18 10:00:08 10.97   0.10   0.05   0.078  7.12     8.1  10.3   9.02
12/03/18 10:00:09 10.97   0.10   0.05   0.078  7.12     8.1  10.3   9.02
12/03/18 10:00:10 10.97   0.10   0.05   0.078  7.12     8.1  10.4   9.02
12/03/18 10:00:11 10.97   0.10   0.05   0.078  7.12     8.1  10.4   9.02
12/03/18 10:00:12 10.97   0.10   0.05   0.078  7.12     8.1  10.3   9.02
12/03/18 10:00:13 10.97   0.10   0.05   0.078  7.12     8.2  10.3   9.02
12/03/18 10:00:04 10.97   0.10   0.05   0.079  7.12     7.9   9.9   9.02
12/03/18 10:00:05 10.97   0.10   0.05   0.079  7.12     7.9  10.0   9.02
12/03/18 10:00:06 10.97   0.10   0.05   0.079  7.12     8.0  10.1   9.02
12/03/18 10:00:14 10.96   0.10   0.05   0.079  7.12     8.1  10.2   9.02
12/03/18 10:00:15 10.95   0.10   0.05   0.079  7.12     8.1  10.1   9.02
12/03/18 10:00:16 10.95   0.10   0.05   0.081  7.12     8.1  10.0   9.02
12/03/18 10:00:17 10.94   0.10   0.05   0.097  7.12     8.1   9.9   9.02
12/03/18 10:00:18 10.94   0.10   0.05   0.113  7.12     8.1   9.8   9.02
12/03/18 10:00:19 10.94   0.10   0.05   0.130  7.12     8.1   9.7   9.02
12/03/18 10:00:20 10.94   0.10   0.05   0.148  7.12     8.1   9.6   9.02
12/03/18 10:00:21 10.94   0.10   0.05   0.169  7.12     8.1   9.5   9.02
12/03/18 10:00:22 10.94   0.10   0.05   0.186  7.12     8.1   9.5   9.02
12/03/18 10:00:23 10.95   0.10   0.05   0.206  7.12     8.1   9.4   9.02
12/03/18 10:00:24 10.95   0.10   0.05   0.221  7.12     8.1   9.4   9.02
12/03/18 10:00:25 10.95   0.10   0.05   0.245  7.12     8.1   9.5   9.02
12/03/18 10:00:26 10.96   0.10   0.05   0.258  7.12     8.1   9.6   9.02
12/03/18 10:00:27 10.96   0.10   0.05   0.280  7.12     8.1   9.7   9.02
12/03/18 10:00:28 10.96   0.10   0.05   0.295  7.12     8.1   9.8   9.02
12/03/18 10:00:29 10.96   0.10   0.05   0.320  7.12     8.1  10.0   9.01
12/03/18 10:00:30 10.96   0.10   0.05   0.334  7.12     8.2  10.1   9.01
12/03/18 10:00:31 10.96   0.10   0.05   0.356  7.12     8.2  10.3   9.01
12/03/18 10:00:32 10.95   0.10   0.05   0.370  7.12     8.2  10.5   9.01
12/03/18 10:00:33 10.94   0.10   0.05   0.391  7.12     8.2  10.7   9.01
12/03/18 10:00:34 10.94   0.10   0.05   0.408  7.12     8.2  11.0   9.01
12/03/18 10:00:35 10.94   0.10   0.05   0.428  7.12     8.3  11.2   9.01
12/03/18 10:00:36 10.94   0.10   0.05   0.447  7.12     8.3  11.3   9.01
12/03/18 10:00:37 10.94   0.10   0.05   0.462  7.12     8.3  11.5   9.01
12/03/18 10:00:38 10.94   0.10   0.05   0.480  7.12     8.3  11.7   9.01
12/03/18 10:00:39 10.93   0.10   0.05   0.498  7.12     8.3  11.8   9.01
12/03/18 10:00:40 10.93   0.10   0.05   0.519  7.12     8.3  11.9   9.00
12/03/18 10:00:41 10.93   0.10   0.05   0.529  7.12     8.3  12.0   9.00
12/03/18 10:00:42 10.93   0.10   0.05   0.554  7.12     8.3  12.1   9.00
12/03/18 10:00:43 10.92   0.10   0.05   0.572  7.12     8.3  12.1   9.00
12/03/18 10:00:44 10.90   0.10   0.05   0.586  7.12     8.3  12.2   9.00
12/03/18 10:00:45 10.89   0.10   0.05   0.609  7.12     8.3  12.2   9.00
12/03/18 10:00:46 10.88   0.10   0.05   0.622  7.12     8.2  12.2   9.00
12/03/18 10:00:47 10.87   0.10   0.05   0.643  7.12     8.2  12.2   9.00
12/03/18 10:00:48 10.87   0.10   0.05   0.659  7.12     8.2  12.1   9.00
12/03/18 10:00:49 10.86   0.10   0.05   0.677  7.12     8.2  12.1   9.00
12/03/18 10:00:50 10.86   0.10   0.05   0.700  7.12     8.3  12.1   9.00
12/03/18 10:00:51 10.86   0.10   0.05   0.718  7.12     8.3  12.0   9.00
12/03/18 10:00:52 10.85   0.10   0.05   0.735  7.12     8.3  12.0   9.00
12/03/18 10:00:53 10.84   0.10   0.05   0.757  7.11     8.3  11.9   9.00
12/03/18 10:00:54 10.83   0.10   0.05   0.775  7.11     8.3  11.9   9.01
12/03/18 10:00:55 10.82   0.10   0.05   0.794  7.11     8.3  11.9   9.01
12/03/18 10:00:56 10.81   0.10   0.05   0.811  7.11     8.3  11.9   9.01
12/03/18 10:00:57 10.80   0.10   0.05   0.831  7.11     8.3  11.9   9.01
12/03/18 10:00:58 10.79   0.10   0.05   0.850  7.11     8.3  11.9   9.01
12/03/18 10:00:59 10.79   0.10   0.05   0.868  7.11     8.3  11.9   9.01
12/03/18 10:01:00 10.78   0.10   0.05   0.885  7.11     8.3  12.0   9.01
12/03/18 10:01:01 10.78   0.10   0.05   0.906  7.11     8.3  12.0   9.01
12/03/18 10:01:02 10.79   0.10   0.05   0.924  7.11     8.3  12.0   9.01
12/03/18 10:01:03 10.78   0.10   0.05   0.942  7.11     8.4  12.0   9.00
12/03/18 10:01:04 10.78   0.10   0.05   0.958  7.11     8.4  12.0   9.00
12/03/18 10:01:05 10.78   0.10   0.05   0.975  7.10     8.4  12.0   9.00
12/03/18 10:01:06 10.78   0.10   0.05   1.000  7.10     8.4  12.0   9.00
12/03/18 10:01:07 10.78   0.10   0.05   1.018  7.10     8.4  12.0   9.00
12/03/18 10:01:08 10.78   0.10   0.05   1.036  7.10     8.4  11.9   9.00
12/03/18 10:01:09 10.78   0.10   0.05   1.057  7.10     8.4  11.8   9.00
12/03/18 10:01:10 10.78   0.10   0.05   1.074  7.10     8.5  11.7   8.99
12/03/18 10:01:11 10.78   0.10   0.05   1.094  7.10     8.5  11.6   8.99
12/03/18 10:01:12 10.78   0.10   0.05   1.112  7.10     8.5  11.5   8.99
12/03/18 10:01:13 10.78   0.10   0.05   1.126  7.10     8.5  11.4   8.99
12/03/18 10:01:14 10.78   0.10   0.05   1.152  7.10     8.5  11.3   8.99
12/03/18 10:01:15 10.78   0.10   0.05   1.170  7.10     8.5  11.2   8.99
12/03/18 10:01:16 10.77   0.10   0.05   1.190  7.10     8.4  11.0   8.99
12/03/18 10:01:17 10.77   0.10   0.05   1.204  7.10     8.4  10.9   8.99
12/03/18 10:01:18 10.77   0.10   0.05   1.229  7.09     8.4  10.8   8.99
12/03/18 10:01:19 10.77   0.10   0.05   1.248  7.09     8.4  10.7   8.98
12/03/18 10:01:20 10.76   0.10   0.05   1.265  7.09     8.3  10.7   8.98
12/03/18 10:01:21 10.76   0.10   0.05   1.285  7.09     8.3  10.6   8.98
12/03/18 10:01:22 10.76   0.10   0.05   1.307  7.09     8.3  10.6   8.98
12/03/18 10:01:23 10.76   0.10   0.05   1.325  7.09     8.2  10.5   8.98
12/03/18 10:01:24 10.76   0.10   0.05   1.340  7.09     8.2  10.6   8.98
12/03/18 10:01:25 10.75   0.10   0.05   1.361  7.09     8.2  10.6   8.98
12/03/18 10:01:26 10.75   0.10   0.05   1.384  7.09     8.1  10.6   8.97
12/03/18 10:01:27 10.75   0.10   0.05   1.403  7.08     8.1  10.7   8.97
12/03/18 10:01:28 10.74   0.10   0.05   1.421  7.08     8.1  10.7   8.97
12/03/18 10:01:29 10.74   0.10   0.05   1.441  7.08     8.1  10.8   8.97
12/03/18 10:01:30 10.74   0.10   0.05   1.462  7.08     8.1  10.9   8.97
12/03/18 10:01:31 10.74   0.10   0.05   1.482  7.08     8.1  11.0   8.96
12/03/18 10:01:32 10.74   0.10   0.05   1.495  7.08     8.1  11.1   8.96
12/03/18 10:01:33 10.74   0.10   0.05   1.516  7.08     8.1  11.1   8.96
12/03/18 10:01:34 10.74   0.10   0.05   1.532  7.08     8.2  11.2   8.95
12/03/18 10:01:35 10.74   0.10   0.05   1.557  7.08     8.2  11.3   8.95
12/03/18 10:01:36 10.74   0.10   0.05   1.575  7.07     8.2  11.3   8.95
12/03/18 10:01:37 10.73   0.10   0.05   1.593  7.07     8.2  11.3   8.94
12/03/18 10:01:38 10.73   0.10   0.05   1.615  7.07     8.3  11.4   8.94
12/03/18 10:01:39 10.73   0.10   0.05   1.634  7.07     8.3  11.4   8.94
12/03/18 10:01:40 10.73   0.10   0.05   1.652  7.07     8.3  11.4   8.93
12/03/18 10:01:41 10.73   0.10   0.05   1.670  7.07     8.4  11.4   8.93
12/03/18 10:01:42 10.72   0.10   0.05   1.688  7.07     8.4  11.4   8.92
12/03/18 10:01:43 10.72   0.10   0.05   1.709  7.07     8.4  11.3   8.92
12/03/18 10:01:44 10.72   0.10   0.05   1.729  7.07     8.4  11.3   8.91
12/03/18 10:01:45 10.72   0.10   0.05   1.747  7.07     8.4  11.2   8.91
12/03/18 10:01:46 10.72   0.10   0.05   1.765  7.07     8.4  11.2   8.90
12/03/18 10:01:47 10.71   0.10   0.05   1.788  7.07     8.4  11.1   8.90
12/03/18 10:01:48 10.69   0.10   0.05   1.806  7.07     8.4  11.0   8.90
12/03/18 10:01:49 10.68   0.10   0.05   1.824  7.07     8.4  11.0   8.90
12/03/18 10:01:50 10.68   0.10   0.05   1.842  7.07     8.4  10.9   8.90
12/03/18 10:01:51 10.67   0.10   0.05   1.862  7.07     8.4  10.8   8.89
12/03/18 10:01:52 10.66   0.10   0.05   1.881  7.07     8.4  10.7   8.89
12/03/18 10:01:53 10.66   0.10   0.05   1.896  7.07     8.4  10.6   8.89
12/03/18 10:01:54 10.65   0.10   0.05   1.918  7.07     8.4  10.6   8.88
12/03/18 10:01:55 10.65   0.10   0.05   1.932  7.07     8.4  10.5   8.88
12/03/18 10:01:56 10.64   0.10   0.05   1.958  7.08     8.4  10.4   8.87
12/03/18 10:01:57 10.64   0.10   0.05   1.972  7.08     8.4  10.4   8.87
12/03/18 10:01:58 10.64   0.10   0.05   1.995  7.08     8.4  10.3   8.86
12/03/18 10:01:59 10.63   0.10   0.05   2.008  7.08     8.4  10.3   8.86
12/03/18 10:02:00 10.63   0.10   0.05   2.034  7.08     8.4  10.3   8.85
12/03/18 10:02:01 10.63   0.10   0.05   2.049  7.08     8.4  10.2   8.84
12/03/18 10:02:02 10.62   0.10   0.05   2.071  7.08     8.4  10.3   8.83
12/03/18 10:02:03 10.62   0.10   0.05   2.085  7.08     8.4  10.3   8.83
12/03/18 10:02:04 10.62   0.10   0.05   2.110  7.08     8.4  10.3   8.82
12/03/18 10:02:05 10.62   0.10   0.05   2.127  7.08     8.4  10.4   8.81
12/03/18 10:02:06 10.62   0.10   0.05   2.149  7.08     8.3  10.4   8.81
12/03/18 10:02:07 10.61   0.10   0.05   2.170  7.08     8.3  10.5   8.80
12/03/18 10:02:08 10.61   0.10   0.05   2.188  7.08     8.3  10.6   8.79
12/03/18 10:02:09 10.61   0.10   0.05   2.205  7.08     8.3  10.7   8.79
12/03/18 10:02:10 10.61   0.10   0.05   2.225  7.08     8.3  10.8   8.78
12/03/18 10:02:11 10.61   0.10   0.05   2.239  7.08     8.3  10.9   8.78
12/03/18 10:02:12 10.61   0.10   0.05   2.264  7.08     8.3  11.1   8.77
12/03/18 10:02:13 10.61   0.10   0.05   2.281  7.08     8.2  11.2   8.77
12/03/18 10:02:14 10.61   0.10   0.05   2.302  7.08     8.2  11.3   8.76
12/03/18 10:02:15 10.61   0.10   0.05   2.318  7.08     8.2  11.4   8.76
12/03/18 10:02:16 10.62   0.10   0.05   2.343  7.08     8.2  11.5   8.75
12/03/18 10:02:17 10.62   0.10   0.05   2.361  7.08     8.2  11.7   8.75
12/03/18 10:02:18 10.63   0.10   0.05   2.381  7.08     8.2  11.8   8.75
12/03/18 10:02:19 10.63   0.10   0.05   2.399  7.08     8.2  11.9   8.74
12/03/18 10:02:20 10.63   0.10   0.05   2.421  7.08     8.3  12.0   8.74
12/03/18 10:02:21 10.63   0.10   0.05   2.440  7.08     8.3  12.1   8.74
12/03/18 10:02:22 10.63   0.10   0.05   2.459  7.08     8.3  12.2   8.74
12/03/18 10:02:23 10.62   0.10   0.05   2.478  7.08     8.3  12.3   8.74
12/03/18 10:02:24 10.62   0.10   0.05   2.499  7.08     8.4  12.5   8.74
12/03/18 10:02:25 10.62   0.10   0.05   2.517  7.08     8.4  12.6   8.74
12/03/18 10:02:26 10.62   0.10   0.05   2.537  7.08     8.4  12.7   8.73
12/03/18 10:02:27 10.62   0.10   0.05   2.554  7.08     8.5  12.8   8.73
12/03/18 10:02:28 10.62   0.10   0.05   2.576  7.08     8.5  12.9   8.73
12/03/18 10:02:29 10.62   0.10   0.05   2.594  7.08     8.5  13.0   8.73
12/03/18 10:02:30 10.62   0.10   0.05   2.612  7.08     8.5  13.1   8.73
12/03/18 10:02:31 10.62   0.10   0.05   2.631  7.08     8.5  13.1   8.73
12/03/18 10:02:32 10.62   0.10   0.05   2.652  7.08     8.5  13.2   8.73
12/03/18 10:02:33 10.62   0.10   0.05   2.671  7.08     8.6  13.3   8.73
12/03/18 10:02:34 10.62   0.10   0.05   2.690  7.08     8.6  13.3   8.73
12/03/18 10:02:35 10.62   0.10   0.05   2.708  7.08     8.6  13.4   8.72
12/03/18 10:02:36 10.62   0.10   0.05   2.729  7.08     8.5  13.4   8.72
12/03/18 10:02:37 10.62   0.10   0.05   2.747  7.08     8.5  13.4   8.72
12/03/18 10:02:38 10.62   0.10   0.05   2.766  7.08     8.5  13.4   8.72
12/03/18 10:02:39 10.61   0.10   0.05   2.785  7.08     8.5  13.4   8.72
12/03/18 10:02:40 10.61   0.10   0.05   2.803  7.08     8.5  13.4   8.72
12/03/18 10:02:41 10.61   0.10   0.05   2.824  7.08     8.5  13.3   8.71
12/03/18 10:02:42 10.61   0.10   0.05   2.843  7.08     8.5  13.3   8.71
12/03/18 10:02:43 10.61   0.10   0.05   2.860  7.08     8.5  13.2   8.71
12/03/18 10:02:44 10.60   0.10   0.05   2.879  7.08     8.5  13.0   8.71
12/03/18 10:02:45 10.60   0.10   0.05   2.901  7.08     8.5  12.9   8.71
12/03/18 10:02:46 10.60   0.10   0.05   2.918  7.08     8.5  12.7   8.70
12/03/18 10:02:47 10.60   0.10   0.05   2.937  7.08     8.5  12.5   8.70
12/03/18 10:02:48 10.60   0.10   0.05   2.956  7.08     8.5  12.4   8.70
12/03/18 10:02:49 10.60   0.10   0.05   2.978  7.08     8.5  12.2   8.70
12/03/18 10:02:50 10.60   0.10   0.05   2.995  7.08     8.5  12.0   8.69
12/03/18 10:02:51 10.60   0.10   0.05   3.013  7.08     8.5  11.8   8.69
12/03/18 10:02:52 10.59   0.10   0.05   3.032  7.08     8.5  11.6   8.69
12/03/18 10:02:53 10.59   0.10   0.05   3.053  7.08     8.5  11.4   8.69
12/03/18 10:02:54 10.59   0.10   0.05   3.070  7.08     8.5  11.2   8.69
12/03/18 10:02:55 10.59   0.10   0.05   3.088  7.08     8.5  11.1   8.68
12/03/18 10:02:56 10.59   0.10   0.05   3.106  7.08     8.5  10.9   8.68
12/03/18 10:02:57 10.59   0.10   0.05   3.127  7.08     8.5  10.8   8.68
12/03/18 10:02:58 10.58   0.10   0.05   3.144  7.08     8.5  10.7   8.68
12/03/18 10:02:59 10.58   0.10   0.05   3.162  7.08     8.5  10.6   8.68
12/03/18 10:03:00 10.58   0.10   0.05   3.180  7.08     8.5  10.6   8.68
12/03/18 10:03:01 10.58   0.10   0.05   3.202  7.08     8.5  10.6   8.68
12/03/18 10:03:02 10.58   0.10   0.05   3.219  7.08     8.5  10.7   8.68
12/03/18 10:03:03 10.58   0.10   0.05   3.236  7.08     8.5  10.8   8.68
12/03/18 10:03:04 10.58   0.10   0.05   3.256  7.08     8.5  10.9   8.67
12/03/18 10:03:05 10.58   0.10   0.05   3.269  7.08     8.5  11.1   8.67
12/03/18 10:03:06 10.58   0.10   0.05   3.293  7.08     8.5  11.3   8.67
12/03/18 10:03:07 10.57   0.10   0.05   3.312  7.08     8.5  11.6   8.67
12/03/18 10:03:08 10.57   0.10   0.05   3.329  7.08     8.5  11.9   8.67
12/03/18 10:03:09 10.57   0.10   0.05   3.347  7.08     8.5  12.2   8.67
12/03/18 10:03:10 10.57   0.10   0.05   3.368  7.08     8.5  12.5   8.67
12/03/18 10:03:11 10.57   0.10   0.05   3.385  7.08     8.5  12.8   8.67
12/03/18 10:03:12 10.57   0.10   0.05   3.402  7.08     8.5  13.0   8.67
12/03/18 10:03:13 10.58   0.10   0.05   3.420  7.08     8.5  13.2   8.67
12/03/18 10:03:14 10.58   0.10   0.05   3.442  7.08     8.5  13.3   8.66
12/03/18 10:03:15 10.58   0.10   0.05   3.459  7.08     8.5  13.3   8.66
12/03/18 10:03:16 10.58   0.10   0.05   3.477  7.08     8.5  13.3   8.66
12/03/18 10:03:17 10.58   0.10   0.05   3.494  7.08     8.5  13.2   8.66
12/03/18 10:03:18 10.58   0.10   0.05   3.515  7.08     8.5  13.1   8.66
12/03/18 10:03:19 10.58   0.10   0.05   3.532  7.08     8.5  12.9   8.66
12/03/18 10:03:20 10.58   0.10   0.05   3.551  7.08     8.5  12.7   8.65
12/03/18 10:03:21 10.58   0.10   0.05   3.567  7.08     8.5  12.4   8.65
12/03/18 10:03:22 10.57   0.10   0.05   3.588  7.08     8.5  12.2   8.65
12/03/18 10:03:23 10.57   0.10   0.05   3.605  7.08     8.5  12.0   8.65
12/03/18 10:03:24 10.57   0.10   0.05   3.623  7.08     8.5  11.8   8.65
12/03/18 10:03:25 10.56   0.10   0.05   3.640  7.08     8.6  11.7   8.65
12/03/18 10:03:26 10.55   0.10   0.05   3.661  7.08     8.6  11.6   8.65
12/03/18 10:03:27 10.55   0.10   0.05   3.679  7.08     8.6  11.5   8.64
12/03/18 10:03:28 10.54   0.10   0.05   3.697  7.08     8.6  11.5   8.64
12/03/18 10:03:29 10.54   0.10   0.05   3.714  7.08     8.6  11.5   8.64
12/03/18 10:03:30 10.54   0.10   0.05   3.734  7.08     8.6  11.5   8.64
12/03/18 10:03:31 10.54   0.10   0.05   3.751  7.08     8.6  11.5   8.64
12/03/18 10:03:32 10.54   0.10   0.05   3.770  7.08     8.7  11.5   8.63
12/03/18 10:03:33 10.53   0.10   0.05   3.787  7.08     8.7  11.5   8.63
12/03/18 10:03:34 10.53   0.10   0.05   3.803  7.08     8.7  11.6   8.63
12/03/18 10:03:35 10.53   0.10   0.05   3.824  7.08     8.7  11.6   8.63
12/03/18 10:03:36 10.53   0.10   0.05   3.842  7.08     8.6  11.6   8.63
12/03/18 10:03:37 10.53   0.10   0.05   3.860  7.08     8.6  11.6   8.62
12/03/18 10:03:38 10.53   0.10   0.05   3.874  7.08     8.6  11.5   8.62
12/03/18 10:03:39 10.53   0.10   0.05   3.898  7.08     8.6  11.5   8.62
12/03/18 10:03:40 10.53   0.10   0.05   3.915  7.08     8.6  11.6   8.62
12/03/18 10:03:41 10.53   0.10   0.05   3.931  7.08     8.6  11.6   8.61
12/03/18 10:03:42 10.53   0.10   0.05   3.949  7.07     8.6  11.7   8.61
12/03/18 10:03:43 10.54   0.10   0.05   3.970  7.07     8.6  11.8   8.61
12/03/18 10:03:44 10.53   0.10   0.05   3.988  7.07     8.6  11.9   8.61
12/03/18 10:03:45 10.53   0.10   0.05   4.004  7.07     8.6  12.1   8.61
12/03/18 10:03:46 10.53   0.10   0.05   4.021  7.07     8.6  12.2   8.61
12/03/18 10:03:47 10.53   0.10   0.05   4.043  7.07     8.6  12.4   8.60
12/03/18 10:03:48 10.53   0.10   0.05   4.058  7.07     8.7  12.7   8.60
12/03/18 10:03:49 10.53   0.10   0.05   4.079  7.07     8.7  12.9   8.60
12/03/18 10:03:50 10.53   0.10   0.05   4.097  7.07     8.7  13.0   8.60
12/03/18 10:03:51 10.53   0.10   0.05   4.117  7.07     8.7  13.2   8.59
12/03/18 10:03:52 10.53   0.10   0.05   4.135  7.07     8.7  13.3   8.59
12/03/18 10:03:53 10.53   0.10   0.05   4.152  7.07     8.8  13.3   8.59
12/03/18 10:03:54 10.53   0.10   0.05   4.167  7.07     8.8  13.3   8.59
12/03/18 10:03:55 10.53   0.10   0.05   4.190  7.07     8.8  13.3   8.59
12/03/18 10:03:56 10.52   0.10   0.05   4.208  7.07     8.8  13.2   8.58
12/03/18 10:03:57 10.52   0.10   0.05   4.225  7.07     8.8  13.1   8.58
12/03/18 10:03:58 10.52   0.10   0.05   4.245  7.07     8.8  13.0   8.58
12/03/18 10:03:59 10.52   0.10   0.05   4.264  7.07     8.7  12.8   8.58
12/03/18 10:04:00 10.52   0.10   0.05   4.284  7.07     8.7  12.7   8.58
12/03/18 10:04:01 10.52   0.10   0.05   4.301  7.07     8.7  12.5   8.58
12/03/18 10:04:02 10.52   0.10   0.05   4.318  7.07     8.6  12.3   8.58
12/03/18 10:04:03 10.52   0.10   0.05   4.336  7.07     8.6  12.2   8.58
12/03/18 10:04:04 10.51   0.10   0.05   4.357  7.07     8.6  12.1   8.57
12/03/18 10:04:05 10.51   0.10   0.05   4.374  7.06     8.5  12.0   8.57
12/03/18 10:04:06 10.51   0.10   0.05   4.393  7.07     8.5  11.9   8.57
12/03/18 10:04:07 10.51   0.10   0.05   4.410  7.06     8.5  11.8   8.57
12/03/18 10:04:08 10.51   0.10   0.05   4.430  7.06     8.4  11.8   8.57
12/03/18 10:04:09 10.51   0.10   0.05   4.448  7.06     8.4  11.8   8.57
12/03/18 10:04:10 10.51   0.10   0.05   4.467  7.06     8.4  11.8   8.56
12/03/18 10:04:11 10.51   0.10   0.05   4.484  7.06     8.4  11.9   8.56
12/03/18 10:04:12 10.51   0.10   0.05   4.504  7.06     8.4  11.9   8.56
12/03/18 10:04:13 10.51   0.10   0.05   4.521  7.06     8.4  12.0   8.56
12/03/18 10:04:14 10.51   0.10   0.05   4.538  7.06     8.4  12.1   8.56
12/03/18 10:04:15 10.50   0.10   0.05   4.555  7.06     8.5  12.2   8.56
12/03/18 10:04:16 10.50   0.10   0.05   4.577  7.06     8.5  12.2   8.56
12/03/18 10:04:17 10.50   0.10   0.05   4.594  7.06     8.5  12.3   8.56
12/03/18 10:04:18 10.50   0.10   0.05   4.613  7.06     8.5  12.4   8.56
12/03/18 10:04:19 10.50   0.10   0.05   4.629  7.06     8.6  12.4   8.56
12/03/18 10:04:20 10.50   0.10   0.05   4.650  7.06     8.6  12.4   8.55
12/03/18 10:04:21 10.50   0.10   0.05   4.667  7.06     8.6  12.4   8.55
12/03/18 10:04:22 10.51   0.10   0.05   4.686  7.06     8.6  12.4   8.55
12/03/18 10:04:23 10.50   0.10   0.05   4.702  7.06     8.6  12.3   8.55
12/03/18 10:04:24 10.50   0.10   0.05   4.722  7.06     8.7  12.3   8.55
12/03/18 10:04:25 10.50   0.10   0.05   4.740  7.06     8.7  12.2   8.55
12/03/18 10:04:26 10.50   0.10   0.05   4.758  7.06     8.7  12.1   8.55
12/03/18 10:04:27 10.50   0.10   0.05   4.775  7.06     8.7  11.9   8.55
12/03/18 10:04:28 10.50   0.10   0.05   4.796  7.06     8.7  11.8   8.55
12/03/18 10:04:29 10.50   0.10   0.05   4.813  7.06     8.7  11.7   8.54
12/03/18 10:04:30 10.50   0.10   0.05   4.831  7.06     8.7  11.6   8.54
12/03/18 10:04:31 10.50   0.10   0.05   4.848  7.05     8.6  11.5   8.54
12/03/18 10:04:32 10.50   0.10   0.05   4.865  7.05     8.6  11.4   8.54
12/03/18 10:04:33 10.50   0.10   0.05   4.886  7.05     8.6  11.4   8.54
12/03/18 10:04:34 10.50   0.10   0.05   4.904  7.05     8.6  11.3   8.54
12/03/18 10:04:35 10.50   0.10   0.05   4.920  7.05     8.6  11.3   8.54
12/03/18 10:04:36 10.50   0.10   0.05   4.937  7.05     8.6  11.4   8.54
12/03/18 10:04:37 10.50   0.10   0.05   4.958  7.05     8.7  11.4   8.54
12/03/18 10:04:38 10.49   0.10   0.05   4.975  7.05     8.7  11.5   8.54
12/03/18 10:04:39 10.49   0.10   0.05   4.993  7.05     8.7  11.6   8.54
12/03/18 10:04:40 10.49   0.10   0.05   5.010  7.04     8.8  11.7   8.54
12/03/18 10:04:41 10.49   0.10   0.05   5.032  7.03     8.8  11.9   8.54
12/03/18 10:04:42 10.48   0.10   0.05   5.049  7.03     8.9  12.0   8.54
12/03/18 10:04:43 10.48   0.10   0.05   5.067  7.04     9.0  12.1   8.54
12/03/18 10:04:44 10.48   0.10   0.05   5.085  7.04     9.1  12.3   8.54
12/03/18 10:04:45 10.47   0.10   0.05   5.105  7.04     9.2  12.4   8.54
12/03/18 10:04:46 10.47   0.10   0.05   5.122  7.04     9.3  12.5   8.53
12/03/18 10:04:47 10.46   0.10   0.05   5.140  7.04     9.4  12.6   8.53
12/03/18 10:04:48 10.46   0.10   0.05   5.158  7.04     9.5  12.6   8.53
12/03/18 10:04:49 10.45   0.10   0.05   5.178  7.04     9.6  12.6   8.53
12/03/18 10:04:50 10.45   0.10   0.05   5.195  7.04     9.7  12.6   8.53
12/03/18 10:04:51 10.45   0.10   0.05   5.213  7.04     9.7  12.6   8.53
12/03/18 10:04:52 10.44   0.10   0.05   5.230  7.04     9.8  12.6   8.53
12/03/18 10:04:53 10.44   0.10   0.05   5.252  7.04     9.9  12.5   8.52
12/03/18 10:04:54 10.44   0.10   0.05   5.269  7.04     9.9  12.5   8.52
12/03/18 10:04:55 10.43   0.10   0.05   5.287  7.04    10.0  12.4   8.51
12/03/18 10:04:56 10.43   0.10   0.05   5.303  7.04    10.0  12.4   8.51
12/03/18 10:04:57 10.43   0.10   0.05   5.322  7.04    10.0  12.4   8.51
12/03/18 10:04:58 10.43   0.10   0.05   5.342  7.04    10.0  12.3   8.50
12/03/18 10:04:59 10.42   0.10   0.05   5.360  7.04    10.0  12.3   8.49
12/03/18 10:05:00 10.41   0.10   0.05   5.379  7.04    10.0  12.3   8.49
12/03/18 10:05:01 10.41   0.10   0.05   5.396  7.04    10.0  12.3   8.48
12/03/18 10:05:02 10.41   0.10   0.05   5.418  7.04    10.0  12.4   8.48
12/03/18 10:05:03 10.40   0.10   0.05   5.435  7.03     9.9  12.4   8.47
12/03/18 10:05:04 10.40   0.10   0.05   5.452  7.03     9.9  12.4   8.46
12/03/18 10:05:05 10.40   0.10   0.05   5.471  7.03     9.9  12.4   8.46
12/03/18 10:05:06 10.39   0.10   0.05   5.492  7.03     9.9  12.4   8.45
12/03/18 10:05:07 10.39   0.10   0.05   5.509  7.03     9.8  12.4   8.45
12/03/18 10:05:08 10.38   0.10   0.05   5.527  7.03     9.8  12.4   8.44
12/03/18 10:05:09 10.38   0.10   0.05   5.544  7.03     9.8  12.4   8.44
12/03/18 10:05:10 10.38   0.10   0.05   5.564  7.03     9.8  12.4   8.43
12/03/18 10:05:11 10.37   0.10   0.05   5.582  7.03     9.8  12.3   8.43
12/03/18 10:05:12 10.37   0.10   0.05   5.600  7.03     9.7  12.3   8.42
12/03/18 10:05:13 10.37   0.10   0.05   5.617  7.03     9.7  12.3   8.42
12/03/18 10:05:14 10.37   0.10   0.05   5.638  7.03     9.7  12.3   8.42
12/03/18 10:05:15 10.36   0.10   0.05   5.656  7.03     9.8  12.3   8.41
12/03/18 10:05:16 10.36   0.10   0.05   5.673  7.02     9.8  12.3   8.41
12/03/18 10:05:17 10.36   0.10   0.05   5.690  7.02     9.8  12.3   8.41
12/03/18 10:05:18 10.36   0.10   0.05   5.711  7.02     9.8  12.3   8.41
12/03/18 10:05:19 10.35   0.10   0.05   5.729  7.02     9.8  12.3   8.41
12/03/18 10:05:20 10.35   0.10   0.05   5.746  7.02     9.8  12.3   8.40
12/03/18 10:05:21 10.35   0.10   0.05   5.764  7.02     9.8  12.3   8.40
12/03/18 10:05:22 10.35   0.10   0.05   5.785  7.02     9.9  12.3   8.40
12/03/18 10:05:23 10.34   0.10   0.05   5.801  7.01     9.9  12.3   8.40
12/03/18 10:05:24 10.34   0.10   0.05   5.819  7.01     9.9  12.2   8.40
12/03/18 10:05:25 10.34   0.10   0.05   5.836  7.01     9.9  12.2   8.40
12/03/18 10:05:26 10.34   0.10   0.05   5.853  7.01     9.9  12.1   8.40
12/03/18 10:05:27 10.34   0.10   0.05   5.873  7.01     9.9  12.1   8.40
12/03/18 10:05:28 10.34   0.10   0.05   5.891  7.01    10.0  12.0   8.40
12/03/18 10:05:29 10.34   0.10   0.05   5.908  7.01    10.0  12.0   8.39
12/03/18 10:05:30 10.34   0.10   0.05   5.925  7.01    10.0  11.9   8.39
12/03/18 10:05:31 10.34   0.10   0.05   5.946  7.01     9.9  11.9   8.39
12/03/18 10:05:32 10.34   0.10   0.05   5.964  7.01     9.9  11.8   8.39
12/03/18 10:05:33 10.34   0.10   0.05   5.982  7.01     9.9  11.8   8.39
12/03/18 10:05:34 10.34   0.10   0.05   5.999  7.01     9.9  11.8   8.39
12/03/18 10:05:35 10.34   0.10   0.05   6.019  7.01     9.8  11.8   8.39
12/03/18 10:05:36 10.34   0.10   0.05   6.036  7.01     9.8  11.8   8.39
12/03/18 10:05:37 10.34   0.10   0.05   6.053  7.01     9.8  11.8   8.39
12/03/18 10:05:38 10.34   0.10   0.05   6.072  7.01     9.7  11.8   8.39
12/03/18 10:05:39 10.34   0.10   0.05   6.093  7.01     9.7  11.8   8.39
12/03/18 10:05:40 10.34   0.10   0.05   6.110  7.01     9.6  11.8   8.39
12/03/18 10:05:41 10.34   0.10   0.05   6.129  7.01     9.6  11.8   8.39
12/03/18 10:05:42 10.34   0.10   0.05   6.147  7.01     9.5  11.8   8.39
12/03/18 10:05:43 10.33   0.10   0.05   6.167  7.01     9.5  11.7   8.39
12/03/18 10:05:44 10.33   0.10   0.05   6.184  7.02     9.4  11.6   8.39
12/03/18 10:05:45 10.33   0.10   0.05   6.202  7.02     9.4  11.6   8.39
12/03/18 10:05:46 10.33   0.10   0.05   6.219  7.02     9.4  11.5   8.39
12/03/18 10:05:47 10.33   0.10   0.05   6.240  7.02     9.4  11.4   8.39
12/03/18 10:05:48 10.32   0.10   0.05   6.258  7.01     9.4  11.3   8.39
12/03/18 10:05:49 10.32   0.10   0.05   6.276  7.02     9.4  11.2   8.39
12/03/18 10:05:50 10.32   0.10   0.05   6.293  7.02     9.4  11.2   8.39
12/03/18 10:05:51 10.32   0.10   0.05   6.314  7.02     9.4  11.1   8.39
12/03/18 10:05:52 10.32   0.10   0.05   6.331  7.02     9.4  11.1   8.39
12/03/18 10:05:53 10.31   0.10   0.05   6.349  7.02     9.4  11.0   8.39
12/03/18 10:05:54 10.31   0.10   0.05   6.366  7.02     9.5  11.0   8.39
12/03/18 10:05:55 10.31   0.10   0.05   6.388  7.02     9.5  11.0   8.39
12/03/18 10:05:56 10.31   0.10   0.05   6.406  7.02     9.5  11.0   8.39
12/03/18 10:05:57 10.31   0.10   0.05   6.423  7.01     9.5  11.0   8.39
12/03/18 10:05:58 10.30   0.10   0.05   6.441  7.01     9.5  10.9   8.39
12/03/18 10:05:59 10.30   0.10   0.05   6.458  7.01     9.5  10.9   8.39
12/03/18 10:06:00 10.30   0.10   0.05   6.479  7.01     9.5  10.9   8.39
12/03/18 10:06:01 10.30   0.10   0.05   6.497  7.01     9.5  10.9   8.39
12/03/18 10:06:02 10.29   0.10   0.05   6.515  7.01     9.6  10.9   8.39
12/03/18 10:06:03 10.29   0.10   0.05   6.530  7.01     9.6  10.9   8.39
12/03/18 10:06:04 10.29   0.10   0.05   6.552  7.01     9.6  10.9   8.39
12/03/18 10:06:05 10.29   0.10   0.05   6.569  7.01     9.6  10.9   8.39
12/03/18 10:06:06 10.28   0.10   0.05   6.587  7.01     9.6  10.9   8.39
12/03/18 10:06:07 10.28   0.10   0.05   6.604  7.01     9.6  10.9   8.39
12/03/18 10:06:08 10.28   0.10   0.05   6.626  7.00     9.7  10.9   8.39
12/03/18 10:06:09 10.28   0.10   0.05   6.642  6.99     9.7  10.9   8.38
12/03/18 10:06:10 10.28   0.10   0.05   6.661  6.99     9.8  10.9   8.38
12/03/18 10:06:11 10.28   0.10   0.05   6.678  6.99     9.9  11.0   8.38
12/03/18 10:06:12 10.27   0.10   0.05   6.699  6.99     9.9  11.0   8.38
12/03/18 10:06:13 10.27   0.10   0.05   6.715  6.99    10.0  11.0   8.38
12/03/18 10:06:14 10.27   0.10   0.05   6.734  6.99    10.1  11.1   8.38
12/03/18 10:06:15 10.27   0.10   0.05   6.751  6.99    10.2  11.1   8.38
12/03/18 10:06:16 10.26   0.10   0.05   6.772  6.99    10.3  11.2   8.38
12/03/18 10:06:17 10.26   0.10   0.05   6.788  6.99    10.4  11.2   8.38
12/03/18 10:06:18 10.26   0.10   0.05   6.806  6.99    10.5  11.3   8.38
12/03/18 10:06:19 10.25   0.10   0.05   6.823  6.99    10.5  11.3   8.37
12/03/18 10:06:20 10.25   0.10   0.05   6.839  6.99    10.6  11.4   8.37
12/03/18 10:06:21 10.25   0.10   0.05   6.858  6.98    10.6  11.4   8.37
12/03/18 10:06:22 10.25   0.10   0.05   6.876  6.98    10.6  11.5   8.37
12/03/18 10:06:23 10.25   0.10   0.05   6.895  6.98    10.7  11.5   8.37
12/03/18 10:06:24 10.25   0.10   0.05   6.912  6.98    10.7  11.5   8.36
12/03/18 10:06:25 10.25   0.10   0.05   6.933  6.99    10.7  11.6   8.36
12/03/18 10:06:26 10.24   0.10   0.05   6.950  6.99    10.6  11.6   8.36
12/03/18 10:06:27 10.24   0.10   0.05   6.967  6.99    10.6  11.7   8.36
12/03/18 10:06:28 10.24   0.10   0.05   6.986  6.99    10.6  11.7   8.35
12/03/18 10:06:29 10.24   0.10   0.05   7.006  6.98    10.6  11.7   8.35
12/03/18 10:06:30 10.24   0.10   0.05   7.024  6.98    10.6  11.8   8.35
12/03/18 10:06:31 10.24   0.10   0.05   7.044  6.98    10.5  11.8   8.34
12/03/18 10:06:32 10.24   0.10   0.05   7.060  6.98    10.5  11.8   8.34
12/03/18 10:06:33 10.24   0.10   0.05   7.082  6.98    10.5  11.9   8.34
12/03/18 10:06:34 10.24   0.10   0.05   7.098  6.98    10.5  11.9   8.34
12/03/18 10:06:35 10.24   0.10   0.05   7.116  6.98    10.5  11.9   8.33
12/03/18 10:06:36 10.24   0.10   0.05   7.134  6.98    10.5  11.9   8.33
12/03/18 10:06:37 10.24   0.10   0.05   7.154  6.98    10.5  11.9   8.33
12/03/18 10:06:38 10.24   0.10   0.05   7.173  6.98    10.5  12.0   8.33
12/03/18 10:06:39 10.24   0.10   0.05   7.192  6.98    10.5  12.0   8.32
12/03/18 10:06:40 10.24   0.10   0.05   7.209  6.98    10.5  12.0   8.32
12/03/18 10:06:41 10.24   0.10   0.05   7.230  6.98    10.5  12.0   8.32
12/03/18 10:06:42 10.24   0.10   0.05   7.247  6.98    10.5  12.0   8.32
12/03/18 10:06:43 10.24   0.10   0.05   7.265  6.98    10.5  12.0   8.32
12/03/18 10:06:44 10.24   0.10   0.05   7.283  6.98    10.4  12.0   8.32
12/03/18 10:06:45 10.24   0.10   0.05   7.303  6.98    10.4  12.0   8.32
12/03/18 10:06:46 10.23   0.10   0.05   7.321  6.98    10.4  12.0   8.31
12/03/18 10:06:47 10.24   0.10   0.05   7.339  6.98    10.4  12.0   8.31
12/03/18 10:06:48 10.23   0.10   0.05   7.357  6.98    10.4  12.1   8.31
12/03/18 10:06:49 10.23   0.10   0.05   7.374  6.98    10.3  12.1   8.31
12/03/18 10:06:50 10.23   0.10   0.05   7.395  6.98    10.3  12.1   8.31
12/03/18 10:06:51 10.23   0.10   0.05   7.412  6.98    10.3  12.1   8.31
12/03/18 10:06:52 10.23   0.10   0.05   7.429  6.98    10.2  12.1   8.31
12/03/18 10:06:53 10.23   0.10   0.05   7.447  6.98    10.2  12.1   8.31
12/03/18 10:06:54 10.23   0.10   0.05   7.468  6.98    10.2  12.1   8.31
12/03/18 10:06:55 10.23   0.10   0.05   7.485  6.98    10.2  12.1   8.31
12/03/18 10:06:56 10.23   0.10   0.05   7.503  6.98    10.2  12.1   8.30
12/03/18 10:06:57 10.23   0.10   0.05   7.523  6.98    10.2  12.1   8.30
12/03/18 10:06:58 10.23   0.10   0.05   7.542  6.98    10.2  12.1   8.30
12/03/18 10:06:59 10.23   0.10   0.05   7.560  6.98    10.2  12.1   8.30
12/03/18 10:07:00 10.23   0.10   0.05   7.577  6.98    10.2  12.1   8.30
12/03/18 10:07:01 10.23   0.10   0.05   7.595  6.98    10.3  12.1   8.30
12/03/18 10:07:02 10.23   0.10   0.05   7.615  6.98    10.3  12.1   8.30
12/03/18 10:07:03 10.23   0.10   0.05   7.633  6.98    10.3  12.1   8.30
12/03/18 10:07:04 10.23   0.10   0.05   7.650  6.98    10.4  12.1   8.30
12/03/18 10:07:05 10.23   0.10   0.05   7.667  6.98    10.4  12.1   8.30
12/03/18 10:07:06 10.23   0.10   0.05   7.689  6.98    10.4  12.1   8.30
12/03/18 10:07:07 10.23   0.10   0.05   7.706  6.98    10.5  12.1   8.30
12/03/18 10:07:08 10.23   0.10   0.05   7.725  6.98    10.5  12.1   8.30
12/03/18 10:07:09 10.23   0.10   0.05   7.742  6.98    10.5  12.2   8.30
12/03/18 10:07:10 10.23   0.10   0.05   7.763  6.98    10.6  12.2   8.30
12/03/18 10:07:11 10.23   0.10   0.05   7.779  6.98    10.6  12.3   8.30
12/03/18 10:07:12 10.23   0.10   0.05   7.798  6.98    10.6  12.3   8.29
12/03/18 10:07:13 10.23   0.10   0.05   7.814  6.98    10.6  12.4   8.29
12/03/18 10:07:14 10.23   0.10   0.05   7.835  6.98    10.6  12.4   8.29
12/03/18 10:07:15 10.23   0.10   0.05   7.852  6.98    10.6  12.5   8.29
12/03/18 10:07:16 10.23   0.10   0.05   7.870  6.98    10.6  12.6   8.29
12/03/18 10:07:17 10.23   0.10   0.05   7.887  6.98    10.6  12.6   8.29
12/03/18 10:07:18 10.23   0.10   0.05   7.907  6.98    10.6  12.7   8.29
12/03/18 10:07:19 10.23   0.10   0.05   7.924  6.98    10.6  12.7   8.29
12/03/18 10:07:20 10.23   0.10   0.05   7.941  6.98    10.6  12.8   8.29
12/03/18 10:07:21 10.23   0.10   0.05   7.960  6.98    10.6  12.8   8.29
12/03/18 10:07:22 10.23   0.10   0.05   7.978  6.98    10.6  12.8   8.29
12/03/18 10:07:23 10.23   0.10   0.05   7.997  6.98    10.7  12.8   8.29
12/03/18 10:07:24 10.23   0.10   0.05   8.015  6.98    10.7  12.7   8.29
12/03/18 10:07:25 10.23   0.10   0.05   8.032  6.98    10.7  12.7   8.29
12/03/18 10:07:26 10.23   0.10   0.05   8.050  6.98    10.7  12.6   8.29
12/03/18 10:07:27 10.23   0.10   0.05   8.071  6.97    10.8  12.6   8.29
12/03/18 10:07:28 10.22   0.10   0.05   8.089  6.97    10.8  12.5   8.29
12/03/18 10:07:29 10.23   0.10   0.05   8.108  6.97    10.9  12.5   8.29
12/03/18 10:07:30 10.23   0.10   0.05   8.124  6.97    10.9  12.4   8.29
12/03/18 10:07:31 10.22   0.10   0.05   8.145  6.97    11.0  12.3   8.29
12/03/18 10:07:32 10.22   0.10   0.05   8.163  6.98    11.0  12.3   8.29
12/03/18 10:07:33 10.22   0.10   0.05   8.181  6.98    11.1  12.2   8.29
12/03/18 10:07:34 10.22   0.10   0.05   8.199  6.98    11.1  12.2   8.28
12/03/18 10:07:35 10.22   0.10   0.05   8.219  6.98    11.2  12.1   8.28
12/03/18 10:07:36 10.22   0.10   0.05   8.237  6.98    11.2  12.1   8.28
12/03/18 10:07:37 10.22   0.10   0.05   8.255  6.98    11.2  12.0   8.28
12/03/18 10:07:38 10.22   0.10   0.05   8.272  6.98    11.3  12.0   8.28
12/03/18 10:07:39 10.22   0.10   0.05   8.292  6.98    11.3  12.0   8.28
12/03/18 10:07:40 10.22   0.10   0.05   8.310  6.98    11.3  12.0   8.28
12/03/18 10:07:41 10.22   0.10   0.05   8.328  6.97    11.3  12.0   8.28
12/03/18 10:07:42 10.22   0.10   0.05   8.346  6.97    11.3  12.0   8.28
12/03/18 10:07:43 10.22   0.10   0.05   8.367  6.98    11.3  12.0   8.28
12/03/18 10:07:44 10.22   0.10   0.05   8.385  6.98    11.3  12.0   8.28
12/03/18 10:07:45 10.22   0.10   0.05   8.402  6.98    11.2  12.0   8.28
12/03/18 10:07:46 10.22   0.10   0.05   8.420  6.98    11.2  12.0   8.28
12/03/18 10:07:47 10.22   0.10   0.05   8.438  6.98    11.2  12.0   8.28
12/03/18 10:07:48 10.22   0.10   0.05   8.459  6.98    11.2  12.1   8.27
12/03/18 10:07:49 10.22   0.10   0.05   8.476  6.99    11.2  12.1   8.27
12/03/18 10:07:50 10.22   0.10   0.05   8.495  6.99    11.2  12.1   8.27
12/03/18 10:07:51 10.22   0.10   0.05   8.512  6.99    11.2  12.2   8.27
12/03/18 10:07:52 10.22   0.10   0.05   8.532  6.99    11.2  12.2   8.27
12/03/18 10:07:53 10.22   0.10   0.05   8.551  6.99    11.3  12.2   8.27
12/03/18 10:07:54 10.22   0.10   0.05   8.568  6.99    11.3  12.2   8.27
12/03/18 10:07:55 10.22   0.10   0.05   8.586  6.99    11.4  12.3   8.27
12/03/18 10:07:56 10.22   0.10   0.05   8.606  6.99    11.4  12.3   8.27
12/03/18 10:07:57 10.22   0.10   0.05   8.624  6.99    11.5  12.3   8.27
12/03/18 10:07:58 10.22   0.10   0.05   8.642  6.99    11.6  12.3   8.27
12/03/18 10:07:59 10.22   0.10   0.05   8.659  6.99    11.7  12.3   8.27
12/03/18 10:08:00 10.22   0.10   0.05   8.679  6.99    11.8  12.4   8.27
12/03/18 10:08:01 10.22   0.10   0.05   8.697  6.99    12.0  12.4   8.27
12/03/18 10:08:02 10.22   0.10   0.05   8.715  6.99    12.1  12.4   8.26
12/03/18 10:08:03 10.22   0.10   0.05   8.731  6.99    12.2  12.4   8.26
12/03/18 10:08:04 10.22   0.10   0.05   8.752  6.99    12.3  12.4   8.26
12/03/18 10:08:05 10.22   0.10   0.05   8.768  6.99    12.4  12.4   8.26
12/03/18 10:08:06 10.22   0.10   0.05   8.787  6.99    12.5  12.4   8.26
12/03/18 10:08:07 10.22   0.10   0.05   8.805  6.99    12.6  12.5   8.26
12/03/18 10:08:08 10.22   0.10   0.05   8.825  6.99    12.7  12.5   8.26
12/03/18 10:08:09 10.22   0.10   0.05   8.841  6.99    12.7  12.5   8.26
12/03/18 10:08:10 10.22   0.10   0.05   8.849  6.99    12.8  12.6   8.26
12/03/18 10:08:11 10.23   0.10   0.05   8.851  6.99    12.8  12.7   8.26
12/03/18 10:08:12 10.23   0.10   0.05   8.851  6.99    12.8  12.7   8.26
12/03/18 10:08:13 10.23   0.10   0.05   8.851  6.99    12.8  12.8   8.26
12/03/18 10:08:14 10.23   0.10   0.05   8.852  6.99    12.8  12.9   8.25
12/03/18 10:08:15 10.23   0.10   0.05   8.852  6.99    12.8  13.0   8.25
12/03/18 10:08:16 10.23   0.10   0.05   8.852  7.00    12.8  13.1   8.25
12/03/18 10:08:17 10.23   0.10   0.05   8.852  7.00    12.8  13.2   8.25
12/03/18 10:08:18 10.23   0.10   0.05   8.852  7.00    12.7  13.3   8.25
12/03/18 10:08:19 10.23   0.10   0.05   8.852  7.00    12.7  13.4   8.25
