03AUG2023 ?MISST 0.00 -99 -99 -99 ?MIS
04AUG2023 215.64 .10 237 392 50 ?MIS
05AUG2023 215.57 .03 11 441 48 ?MIS
06AUG2023 215.52 0.00 200 489 53 ?MIS
07AUG2023 215.46 .18 124 483 51 ?MIS
08AUG2023 215.47 .34 574 458 47 ?MIS
09AUG2023 215.44 0.00 305 458 52 ?MIS
10AUG2023 215.43 0.00 440 457 52 ?MIS
11AUG2023 215.40 .30 302 457 50 ?MIS
12AUG2023 215.38 0.00 348 435 50 ?MIS
13AUG2023 215.34 0.00 204 422 55 ?MIS
14AUG2023 ?MISST 0.00 -99 -99 -99 ?MIS
15AUG2023 ?MISST ?MISST ?MISST ?MISS ?MISS ?MIS
16AUG2023 215.17 .14 30 393 47 ?MIS
17AUG2023 215.11 0.00 33 387 55 ?MIS
18AUG2023 215.05 0.00 64 421 53 ?MIS
19AUG2023 215.05 0.00 475 421 54 ?MIS
20AUG2023 214.96 0.00 -129 421 53 ?MIS
21AUG2023 214.90 0.00 101 437 56 ?MIS
22AUG2023 214.87 0.00 317 455 58 ?MIS
23AUG2023 214.72 0.00 -469 455 56 ?MIS
24AUG2023 214.32 0.00 -210 454 55 ?MIS
25AUG2023 214.26 0.00 121 453 60 ?MIS
26AUG2023 214.23 0.00 313 453 56 ?MIS
27AUG2023 214.25 0.00 639 453 55 ?MIS
28AUG2023 214.33 2.38 933 361 49 ?MIS
29AUG2023 214.36 .05 441 194 51 ?MIS
30AUG2023 214.42 .21 638 194 52 ?MIS
31AUG2023 214.44 .78 369 195 43 ?MIS
01SEP2023 214.43 0.00 182 194 53 ?MIS
02SEP2023 214.41 0.00 112 194 49 ?MIS
03SEP2023 214.39 0.00 114 194 51 ?MIS
04SEP2023 214.34 0.00 18 295 50 ?MIS
05SEP2023 214.27 0.00 -11 388 58 ?MIS
06SEP2023 214.19 0.00 -78 388 57 ?MIS
07SEP2023 214.12 0.00 -12 387 58 ?MIS
08SEP2023 214.05 0.00 -13 387 57 ?MIS
09SEP2023 214.23 0.00 1620 387 57 ?MIS
10SEP2023 214.38 1.47 1416 388 48 ?MIS
11SEP2023 214.44 .04 829 388 49 ?MIS
12SEP2023 214.47 0.00 634 388 50 ?MIS
13SEP2023 214.44 .07 245 388 53 ?MIS
14SEP2023 214.61 0.00 1434 271 52 ?MIS
15SEP2023 214.52 0.00 87 296 53 ?MIS
16SEP2023 214.46 0.00 47 388 51 ?MIS
17SEP2023 214.43 0.00 245 388 53 ?MIS
18SEP2023 214.38 .19 113 388 52 ?MIS
19SEP2023 214.31 0.00 -18 388 51 ?MIS
20SEP2023 214.25 0.00 50 388 54 ?MIS
21SEP2023 214.20 0.00 112 387 52 ?MIS
22SEP2023 214.25 0.00 766 387 52 ?MIS
23SEP2023 214.24 .42 365 387 44 ?MIS
24SEP2023 214.38 .80 1352 388 49 ?MIS
25SEP2023 214.42 0.00 698 388 49 ?MIS
26SEP2023 214.41 0.00 376 388 53 ?MIS
27SEP2023 214.36 0.00 111 388 50 ?MIS
28SEP2023 214.29 0.00 -18 388 52 ?MIS
29SEP2023 214.23 0.00 16 356 52 ?MIS
30SEP2023 214.17 0.00 44 387 49 ?MIS
01OCT2023 214.10 0.00 -20 387 50 ?MIS
02OCT2023 214.03 0.00 -19 387 51 ?MIS
03OCT2023 213.97 ?MISST 28 361 53 ?MIS
04OCT2023 213.91 ?MISST -5 321 53 ?MIS
05OCT2023 213.86 0.00 56 321 51 ?MIS
06OCT2023 213.77 0.00 -174 342 52 ?MIS
07OCT2023 213.69 0.00 -101 355 49 ?MIS
08OCT2023 213.62 0.00 -33 355 54 ?MIS
09OCT2023 213.54 0.00 -101 355 49 ?MIS
10OCT2023 213.47 0.00 -30 355 57 ?MIS
11OCT2023 213.41 0.00 29 354 54 ?MIS
12OCT2023 213.34 .04 -37 354 51 ?MIS
13OCT2023 213.27 .03 -36 354 52 ?MIS
14OCT2023 213.37 .43 1032 354 47 ?MIS
15OCT2023 213.45 .82 907 354 48 ?MIS
16OCT2023 213.48 0.00 591 354 47 ?MIS
17OCT2023 213.44 0.00 150 354 49 ?MIS
18OCT2023 213.39 0.00 90 354 52 ?MIS
19OCT2023 213.33 0.00 24 354 49 ?MIS
20OCT2023 213.29 0.00 150 354 49 ?MIS
21OCT2023 213.23 0.00 20 354 45 ?MIS
22OCT2023 213.22 0.00 339 354 49 ?MIS
23OCT2023 213.16 0.00 25 354 50 ?MIS
24OCT2023 213.09 0.00 -38 354 50 ?MIS
25OCT2023 213.04 0.00 88 353 51 ?MIS
26OCT2023 212.99 0.00 89 353 48 ?MIS
27OCT2023 212.93 0.00 49 353 54 ?MIS
28OCT2023 212.86 0.00 -15 353 50 ?MIS
29OCT2023 212.80 0.00 60 353 51 ?MIS
30OCT2023 212.77 0.00 225 352 52 ?MIS
31OCT2023 212.66 0.00 -257 352 48 ?MIS
01NOV2023 212.61 .07 102 352 48 ?MIS
02NOV2023 212.52 0.00 -156 332 49 ?MIS
03NOV2023 212.48 0.00 109 303 45 ?MIS
04NOV2023 212.42 0.00 -27 287 44 ?MIS
05NOV2023 212.37 0.00 39 287 50 ?MIS
06NOV2023 212.32 0.00 36 287 47 ?MIS
07NOV2023 212.27 0.00 40 286 52 ?MIS
08NOV2023 212.24 0.00 154 286 47 ?MIS
09NOV2023 212.18 0.00 -27 286 45 ?MIS
10NOV2023 212.13 0.00 35 286 47 ?MIS
11NOV2023 212.09 0.00 92 286 44 ?MIS
12NOV2023 212.03 0.00 -26 286 46 ?MIS
13NOV2023 211.98 0.00 -7 286 0 ?MIS
14NOV2023 211.93 0.00 -9 275 0 ?MIS
15NOV2023 211.88 0.00 12 251 46 ?MIS
16NOV2023 211.85 0.00 125 251 44 ?MIS
17NOV2023 211.80 0.00 11 251 45 ?MIS
18NOV2023 211.77 0.00 123 251 43 ?MIS
19NOV2023 211.71 0.00 -44 251 46 ?MIS
20NOV2023 211.69 0.00 183 251 46 ?MIS
21NOV2023 211.67 0.00 178 251 41 ?MIS
22NOV2023 211.91 1.92 1601 194 41 ?MIS
23NOV2023 212.13 .06 1489 160 41 ?MIS
24NOV2023 212.24 0.00 859 161 41 ?MIS
25NOV2023 212.29 0.00 497 161 38 ?MIS
26NOV2023 212.27 0.00 83 161 41 ?MIS
27NOV2023 212.30 .09 382 161 42 ?MIS
28NOV2023 212.29 0.00 141 161 39 ?MIS
29NOV2023 212.18 0.00 -30 167 42 ?MIS
30NOV2023 212.18 0.00 222 182 40 ?MIS
01DEC2023 212.17 0.00 173 191 41 ?MIS
02DEC2023 212.16 0.00 168 191 37 ?MIS
03DEC2023 212.15 .03 171 191 39 ?MIS
04DEC2023 212.13 0.00 115 191 43 ?MIS
05DEC2023 212.14 0.00 290 191 39 ?MIS
06DEC2023 212.11 .12 50 191 38 ?MIS
07DEC2023 212.11 0.00 231 191 40 ?MIS
08DEC2023 212.08 0.00 51 191 39 ?MIS
09DEC2023 212.06 0.00 110 191 38 ?MIS
10DEC2023 212.26 0.00 1420 191 35 ?MIS
11DEC2023 213.02 1.64 4771 192 35 ?MIS
12DEC2023 213.55 0.00 3578 193 39 ?MIS
13DEC2023 213.75 0.00 1495 193 40 ?MIS
14DEC2023 213.87 0.00 992 194 41 ?MIS
15DEC2023 213.95 0.00 739 194 40 ?MIS
16DEC2023 214.00 0.00 548 194 38 ?MIS
17DEC2023 215.08 0.00 7312 194 37 ?MIS
18DEC2023 218.02 3.04 21388 198 37 ?MIS
19DEC2023 218.59 .02 6328 1822 40 ?MIS
20DEC2023 218.33 0.00 2490 4488 39 ?MIS
21DEC2023 217.90 0.00 1185 4475 40 ?MIS
22DEC2023 217.61 0.00 1234 3352 41 ?MIS
23DEC2023 217.47 0.00 997 2001 39 ?MIS
24DEC2023 217.29 0.00 696 1999 38 ?MIS
25DEC2023 217.11 0.00 694 1996 38 ?MIS
26DEC2023 217.02 .04 1356 1993 34 ?MIS
27DEC2023 218.38 1.44 12467 2155 37 ?MIS
28DEC2023 219.29 .02 9778 2485 39 ?MIS
29DEC2023 219.55 0.00 4493 2309 35 ?MIS
30DEC2023 219.55 0.00 2003 1969 34 ?MIS
31DEC2023 219.39 0.00 1417 2699 40 ?MIS
01JAN2024 219.04 0.00 1196 4051 37 ?MIS
02JAN2024 218.84 0.00 623 2168 39 ?MIS
03JAN2024 218.34 0.00 609 4489 37 ?MIS
04JAN2024 217.66 .05 345 5503 38 ?MIS
05JAN2024 217.01 0.00 676 5474 42 ?MIS
06JAN2024 216.49 .20 1706 5448 38 ?MIS
07JAN2024 216.59 .66 6204 5440 37 ?MIS
08JAN2024 216.54 0.00 3271 3597 38 ?MIS
09JAN2024 218.05 .11 11578 358 40 ?MIS
10JAN2024 223.09 1.99 43248 204 40 ?MIS
11JAN2024 224.47 0.00 14793 1507 40 ?MIS
12JAN2024 224.85 0.00 8321 4596 37 ?MIS
13JAN2024 226.32 .84 20387 5083 36 ?MIS
14JAN2024 226.34 0.00 6086 5832 39 ?MIS
15JAN2024 225.91 0.00 3136 7687 38 ?MIS
16JAN2024 225.27 0.00 2218 8818 37 ?MIS
17JAN2024 224.43 .28 1763 10058 37 ?MIS
18JAN2024 223.54 0.00 1470 9995 38 ?MIS
19JAN2024 222.58 .03 913 9927 38 ?MIS
20JAN2024 221.60 0.00 1040 9856 38 ?MIS
21JAN2024 220.55 0.00 795 9779 38 ?MIS
22JAN2024 219.47 0.00 694 9698 40 ?MIS
23JAN2024 218.47 0.00 639 8675 0 ?MIS
24JAN2024 217.63 0.00 517 6914 41 ?MIS
25JAN2024 216.96 .03 656 5599 39 ?MIS
26JAN2024 216.76 .10 1773 3188 38 ?MIS
27JAN2024 216.90 .02 2576 1519 40 ?MIS
28JAN2024 218.70 .57 15226 1529 40 ?MIS
29JAN2024 219.47 0.00 9733 3459 40 ?MIS