
Profile Time: 23:06:52
Profile Date: 02/06/2020
Profile Location: jlhaw Serial no: : 0001C33F, ID: : Lucky
Sonde data Status: Unfiltered, VisualCheck
Data Status: , PostCal
02/07/20 00:21:22 12.30   0.09   0.04   0.065  7.24   109.9  12.2  10.79
02/07/20 00:21:28 12.29   0.09   0.04   0.065  7.22   117.1  12.6  10.79
02/07/20 00:21:30 12.29   0.09   0.04   0.065  7.22   117.2  12.6  10.79
02/07/20 00:21:20 12.30   0.09   0.04   0.066  7.24   105.8  12.0  10.81
02/07/20 00:21:21 12.30   0.09   0.04   0.066  7.24   107.9  12.1  10.81
02/07/20 00:21:23 12.30   0.09   0.04   0.066  7.24   111.8  12.3  10.79
02/07/20 00:21:24 12.30   0.09   0.04   0.066  7.23   113.4  12.3  10.79
02/07/20 00:21:25 12.30   0.09   0.04   0.066  7.23   114.8  12.4  10.80
02/07/20 00:21:26 12.29   0.09   0.04   0.066  7.23   115.9  12.5  10.80
02/07/20 00:21:27 12.30   0.09   0.04   0.066  7.23   116.6  12.5  10.80
02/07/20 00:21:29 12.29   0.09   0.04   0.066  7.22   117.3  12.6  10.80
02/07/20 00:21:31 12.30   0.09   0.04   0.066  7.22   117.0  12.6  10.78
02/07/20 00:21:33 12.29   0.09   0.04   0.066  7.21   116.1  12.4  10.79
02/07/20 00:21:34 12.29   0.09   0.04   0.066  7.21   115.6  12.3  10.80
02/07/20 00:21:32 12.30   0.09   0.04   0.067  7.21   116.6  12.5  10.78
02/07/20 00:21:35 12.30   0.09   0.04   0.075  7.20   115.1  12.1  10.79
02/07/20 00:21:36 12.29   0.09   0.04   0.089  7.20   114.6  11.9  10.79
02/07/20 00:21:37 12.29   0.09   0.04   0.106  7.20   114.2  11.7  10.79
02/07/20 00:21:38 12.29   0.09   0.04   0.122  7.19   113.9  11.4  10.79
02/07/20 00:21:39 12.29   0.09   0.04   0.137  7.19   113.7  11.1  10.80
02/07/20 00:21:40 12.29   0.09   0.04   0.153  7.18   113.5  10.8  10.79
02/07/20 00:21:41 12.29   0.09   0.04   0.170  7.18   113.4  10.5  10.80
02/07/20 00:21:42 12.29   0.09   0.04   0.183  7.17   113.5  10.2  10.80
02/07/20 00:21:43 12.29   0.09   0.04   0.199  7.17   113.5   9.9  10.78
02/07/20 00:21:44 12.29   0.09   0.04   0.213  7.16   113.7   9.7  10.77
02/07/20 00:21:45 12.29   0.09   0.04   0.227  7.15   113.9   9.4  10.78
02/07/20 00:21:46 12.29   0.09   0.04   0.246  7.15   114.1   9.2  10.77
02/07/20 00:21:47 12.29   0.09   0.04   0.260  7.14   114.4   9.1  10.78
02/07/20 00:21:48 12.29   0.09   0.04   0.268  7.13   114.7   9.0  10.78
02/07/20 00:21:49 12.29   0.09   0.04   0.287  7.13   115.0   8.9  10.79
02/07/20 00:21:50 12.29   0.09   0.04   0.304  7.12   115.3   8.9  10.78
02/07/20 00:21:51 12.29   0.09   0.04   0.321  7.12   115.7   9.0  10.78
02/07/20 00:21:52 12.29   0.09   0.04   0.333  7.11   116.1   9.1  10.77
02/07/20 00:21:53 12.28   0.09   0.04   0.353  7.10   116.6   9.2  10.77
02/07/20 00:21:54 12.28   0.09   0.04   0.370  7.09   117.1   9.3  10.78
02/07/20 00:21:55 12.28   0.09   0.04   0.386  7.09   117.6   9.4  10.78
02/07/20 00:21:56 12.28   0.09   0.04   0.400  7.09   118.2   9.6  10.78
02/07/20 00:21:57 12.27   0.09   0.04   0.417  7.08   118.8   9.6  10.78
02/07/20 00:21:58 12.27   0.09   0.04   0.437  7.08   119.4   9.7  10.79
02/07/20 00:21:59 12.27   0.09   0.04   0.461  7.08   119.9   9.8  10.78
02/07/20 00:22:00 12.28   0.09   0.04   0.470  7.07   120.5   9.8  10.79
02/07/20 00:22:01 12.28   0.09   0.04   0.485  7.07   121.0   9.8  10.80
02/07/20 00:22:02 12.27   0.09   0.04   0.516  7.07   121.4   9.9  10.80
02/07/20 00:22:03 12.27   0.09   0.04   0.533  7.06   121.6   9.9  10.79
02/07/20 00:22:04 12.27   0.09   0.04   0.551  7.06   121.8   9.9  10.79
02/07/20 00:22:05 12.27   0.09   0.04   0.566  7.06   121.9  10.0  10.79
02/07/20 00:22:06 12.27   0.08   0.04   0.586  7.06   121.8  10.1  10.80
02/07/20 00:22:07 12.28   0.08   0.04   0.610  7.05   121.7  10.2  10.79
02/07/20 00:22:08 12.28   0.08   0.04   0.625  7.05   121.5  10.4  10.79
02/07/20 00:22:09 12.27   0.08   0.04   0.648  7.05   121.2  10.6  10.80
02/07/20 00:22:10 12.28   0.08   0.04   0.667  7.05   121.0  10.9  10.80
02/07/20 00:22:11 12.27   0.08   0.04   0.682  7.05   120.8  11.2  10.80
02/07/20 00:22:12 12.27   0.08   0.04   0.700  7.04   120.7  11.5  10.80
02/07/20 00:22:13 12.28   0.09   0.04   0.716  7.04   120.8  11.8  10.80
02/07/20 00:22:14 12.28   0.08   0.04   0.734  7.04   120.9  12.1  10.79
02/07/20 00:22:15 12.28   0.08   0.04   0.759  7.04   121.2  12.3  10.80
02/07/20 00:22:16 12.27   0.09   0.04   0.773  7.04   121.6  12.5  10.79
02/07/20 00:22:17 12.28   0.09   0.04   0.791  7.03   122.2  12.7  10.78
02/07/20 00:22:18 12.27   0.09   0.04   0.818  7.03   122.8  12.7  10.79
02/07/20 00:22:19 12.26   0.09   0.04   0.832  7.03   123.5  12.7  10.79
02/07/20 00:22:20 12.26   0.09   0.04   0.845  7.03   124.1  12.6  10.79
02/07/20 00:22:21 12.26   0.09   0.04   0.875  7.03   124.6  12.5  10.78
02/07/20 00:22:22 12.25   0.09   0.04   0.892  7.03   124.8  12.2  10.79
02/07/20 00:22:23 12.24   0.09   0.04   0.909  7.03   124.8  12.0  10.78
02/07/20 00:22:24 12.24   0.09   0.04   0.933  7.02   124.5  11.7  10.78
02/07/20 00:22:25 12.23   0.09   0.04   0.951  7.02   123.8  11.4  10.79
02/07/20 00:22:26 12.22   0.09   0.04   0.966  7.02   122.6  11.1  10.78
02/07/20 00:22:27 12.22   0.09   0.04   0.984  7.02   121.1  10.8  10.78
02/07/20 00:22:28 12.21   0.09   0.04   1.009  7.02   119.1  10.5  10.78
02/07/20 00:22:29 12.22   0.09   0.04   1.021  7.02   116.7  10.3  10.79
02/07/20 00:22:30 12.22   0.09   0.04   1.035  7.02   114.1  10.2  10.79
02/07/20 00:22:31 12.21   0.09   0.04   1.059  7.01   111.2  10.1  10.79
02/07/20 00:22:32 12.21   0.09   0.04   1.081  7.01   108.3  10.0  10.79
02/07/20 00:22:33 12.20   0.09   0.04   1.097  7.01   105.4  10.0  10.78
02/07/20 00:22:34 12.18   0.09   0.04   1.117  7.00   102.7  10.1  10.79
02/07/20 00:22:35 12.13   0.09   0.04   1.141  7.00   100.2  10.1  10.80
02/07/20 00:22:36 12.08   0.09   0.04   1.158  7.00    98.0  10.2  10.80
02/07/20 00:22:37 12.06   0.09   0.04   1.175  7.01    96.2  10.2  10.81
02/07/20 00:22:38 12.02   0.09   0.04   1.198  7.01    94.9  10.3  10.81
02/07/20 00:22:39 12.00   0.09   0.04   1.213  7.02    93.9  10.3  10.82
02/07/20 00:22:40 11.99   0.09   0.04   1.233  7.02    93.4  10.3  10.82
02/07/20 00:22:41 12.00   0.10   0.04   1.254  7.02    93.1  10.4  10.83
02/07/20 00:22:42 12.00   0.10   0.04   1.269  7.02    93.1  10.3  10.83
02/07/20 00:22:43 12.02   0.10   0.04   1.289  7.02    93.2  10.3  10.83
02/07/20 00:22:44 12.02   0.10   0.04   1.311  7.03    93.4  10.3  10.82
02/07/20 00:22:45 12.02   0.09   0.04   1.328  7.02    93.5  10.3  10.84
02/07/20 00:22:46 12.03   0.09   0.04   1.347  7.02    93.5  10.2  10.85
02/07/20 00:22:47 12.03   0.10   0.04   1.368  7.02    93.4  10.2  10.85
02/07/20 00:22:48 12.03   0.10   0.04   1.388  7.02    93.0  10.2  10.84
02/07/20 00:22:49 12.02   0.10   0.04   1.404  7.02    92.6  10.2  10.85
02/07/20 00:22:50 12.01   0.10   0.04   1.423  7.02    92.0  10.2  10.85
02/07/20 00:22:51 12.02   0.10   0.04   1.443  7.03    91.3  10.2  10.85
02/07/20 00:22:52 12.01   0.10   0.04   1.461  7.03    90.7  10.3  10.84
02/07/20 00:22:53 12.01   0.10   0.04   1.478  7.03    90.2  10.3  10.84
02/07/20 00:22:54 12.01   0.10   0.04   1.501  7.03    89.7  10.3  10.85
02/07/20 00:22:55 12.01   0.10   0.04   1.517  7.03    89.5  10.4  10.84
02/07/20 00:22:56 12.01   0.10   0.04   1.530  7.03    89.6  10.4  10.84
02/07/20 00:22:57 12.00   0.10   0.04   1.555  7.03    89.9  10.5  10.84
02/07/20 00:22:58 12.00   0.10   0.04   1.568  7.03    90.5  10.6  10.85
02/07/20 00:22:59 11.99   0.10   0.04   1.590  7.03    91.4  10.7  10.86
02/07/20 00:23:00 11.98   0.10   0.04   1.608  7.03    92.4  10.7  10.87
02/07/20 00:23:01 11.98   0.10   0.04   1.623  7.04    93.5  10.8  10.88
02/07/20 00:23:02 11.99   0.10   0.04   1.636  7.04    94.7  11.0  10.87
02/07/20 00:23:03 11.99   0.09   0.04   1.652  7.03    95.9  11.1  10.86
02/07/20 00:23:04 11.99   0.09   0.04   1.672  7.02    97.0  11.2  10.85
02/07/20 00:23:05 12.00   0.09   0.04   1.689  7.03    97.9  11.2  10.86
02/07/20 00:23:06 12.00   0.09   0.04   1.709  7.04    98.6  11.3  10.86
02/07/20 00:23:07 12.00   0.09   0.04   1.729  7.03    99.1  11.3  10.86
02/07/20 00:23:08 12.01   0.09   0.04   1.752  7.02    99.4  11.4  10.86
02/07/20 00:23:09 12.00   0.09   0.04   1.771  7.02    99.5  11.3  10.87
02/07/20 00:23:10 12.00   0.09   0.04   1.789  7.02    99.5  11.3  10.86
02/07/20 00:23:11 12.00   0.09   0.04   1.810  7.02    99.2  11.2  10.86
02/07/20 00:23:12 11.99   0.10   0.04   1.830  7.02    98.9  11.1  10.86
02/07/20 00:23:13 12.00   0.09   0.04   1.852  7.03    98.5  11.0  10.86
02/07/20 00:23:14 12.01   0.10   0.04   1.873  7.03    98.0  10.8  10.87
02/07/20 00:23:15 12.02   0.09   0.04   1.888  7.02    97.5  10.7  10.87
02/07/20 00:23:16 12.03   0.09   0.04   1.906  7.02    97.0  10.6  10.86
02/07/20 00:23:17 12.03   0.09   0.04   1.933  7.02    96.6  10.6  10.87
02/07/20 00:23:18 12.02   0.09   0.04   1.957  7.02    96.1  10.5  10.88
02/07/20 00:23:19 12.01   0.09   0.04   1.975  7.02    95.7  10.5  10.87
02/07/20 00:23:20 12.02   0.09   0.04   1.997  7.02    95.3  10.5  10.86
02/07/20 00:23:21 12.03   0.09   0.04   2.013  7.02    95.0  10.6  10.86
02/07/20 00:23:22 12.04   0.09   0.04   2.030  7.02    94.8  10.7  10.85
02/07/20 00:23:23 12.04   0.09   0.04   2.049  7.02    94.7  10.8  10.85
02/07/20 00:23:24 12.05   0.09   0.04   2.068  7.02    94.8  10.9  10.86
02/07/20 00:23:25 12.04   0.09   0.04   2.084  7.02    95.0  11.0  10.86
02/07/20 00:23:26 12.04   0.09   0.04   2.107  7.02    95.3  11.1  10.84
02/07/20 00:23:27 12.04   0.09   0.04   2.126  7.02    95.9  11.2  10.83
02/07/20 00:23:28 12.04   0.09   0.04   2.143  7.02    96.7  11.2  10.83
02/07/20 00:23:29 12.05   0.09   0.04   2.165  7.02    97.6  11.3  10.83
02/07/20 00:23:30 12.05   0.09   0.04   2.180  7.02    98.7  11.3  10.82
02/07/20 00:23:31 12.04   0.09   0.04   2.193  7.02    99.9  11.3  10.81
02/07/20 00:23:32 12.02   0.09   0.04   2.216  7.02   101.1  11.3  10.82
02/07/20 00:23:33 12.00   0.09   0.04   2.231  7.03   102.2  11.3  10.83
02/07/20 00:23:34 11.99   0.09   0.04   2.248  7.03   103.3  11.3  10.82
02/07/20 00:23:35 11.99   0.09   0.04   2.272  7.03   104.1  11.3  10.82
02/07/20 00:23:36 12.00   0.09   0.04   2.289  7.02   104.7  11.4  10.82
02/07/20 00:23:37 12.00   0.09   0.04   2.308  7.02   104.9  11.5  10.81
02/07/20 00:23:38 12.01   0.09   0.04   2.332  7.01   104.8  11.6  10.81
02/07/20 00:23:39 12.00   0.09   0.04   2.350  7.00   104.2  11.7  10.81
02/07/20 00:23:40 12.00   0.09   0.04   2.367  7.01   103.3  11.9  10.81
02/07/20 00:23:41 12.01   0.09   0.04   2.391  7.01   102.0  12.0  10.81
02/07/20 00:23:42 12.01   0.09   0.04   2.409  7.00   100.5  12.2  10.80
02/07/20 00:23:43 12.01   0.09   0.04   2.430  7.00    98.9  12.3  10.81
02/07/20 00:23:44 12.01   0.09   0.04   2.446  7.00    97.2  12.3  10.82
02/07/20 00:23:45 12.00   0.09   0.04   2.466  7.00    95.6  12.4  10.82
02/07/20 00:23:46 11.99   0.09   0.04   2.484  7.00    94.2  12.4  10.82
02/07/20 00:23:47 11.99   0.09   0.04   2.502  7.01    93.2  12.3  10.81
02/07/20 00:23:48 11.99   0.09   0.04   2.520  7.00    92.6  12.2  10.82
02/07/20 00:23:49 11.99   0.09   0.04   2.536  7.00    92.5  12.0  10.82
02/07/20 00:23:50 11.99   0.09   0.04   2.552  7.01    92.9  11.9  10.82
02/07/20 00:23:51 11.99   0.09   0.04   2.571  7.00    93.7  11.7  10.83
02/07/20 00:23:52 11.99   0.09   0.04   2.589  7.00    95.0  11.5  10.84
02/07/20 00:23:53 11.99   0.09   0.04   2.608  7.00    96.6  11.4  10.82
02/07/20 00:23:54 11.99   0.09   0.04   2.623  7.00    98.4  11.2  10.83
02/07/20 00:23:55 11.99   0.09   0.04   2.644  7.00   100.4  11.1  10.82
02/07/20 00:23:56 11.99   0.09   0.04   2.658  7.02   102.4  11.1  10.81
02/07/20 00:23:57 12.00   0.09   0.04   2.676  7.01   104.2  11.1  10.82
02/07/20 00:23:58 12.00   0.09   0.04   2.699  7.00   105.9  11.1  10.81
02/07/20 00:23:59 12.00   0.09   0.04   2.718  7.01   107.2  11.2  10.82
02/07/20 00:24:00 12.00   0.09   0.04   2.734  7.01   108.1  11.2  10.82
02/07/20 00:24:01 12.01   0.09   0.04   2.747  7.01   108.7  11.4  10.82
02/07/20 00:24:02 12.01   0.09   0.04   2.767  7.00   109.0  11.5  10.82
02/07/20 00:24:03 12.02   0.09   0.04   2.783  7.00   109.0  11.7  10.82
02/07/20 00:24:04 12.02   0.09   0.04   2.801  6.99   108.8  11.8  10.83
02/07/20 00:24:05 12.02   0.09   0.04   2.821  6.98   108.5  12.0  10.84
02/07/20 00:24:06 12.02   0.09   0.04   2.839  6.98   108.2  12.2  10.84
02/07/20 00:24:07 12.02   0.09   0.04   2.858  6.99   107.9  12.4  10.83
02/07/20 00:24:08 12.01   0.09   0.04   2.882  6.99   107.8  12.6  10.83
02/07/20 00:24:09 12.01   0.09   0.04   2.899  6.99   107.8  12.7  10.83
02/07/20 00:24:10 12.01   0.09   0.04   2.921  6.99   108.0  12.9  10.84
02/07/20 00:24:11 12.01   0.09   0.04   2.943  6.99   108.4  13.0  10.83
02/07/20 00:24:12 12.01   0.09   0.04   2.951  7.00   108.8  13.0  10.83
02/07/20 00:24:13 12.02   0.09   0.04   2.970  6.99   109.3  13.1  10.82
02/07/20 00:24:14 12.02   0.09   0.04   2.985  6.99   109.7  13.1  10.83
02/07/20 00:24:15 12.02   0.09   0.04   2.998  6.99   109.9  13.0  10.84
02/07/20 00:24:16 12.02   0.09   0.04   3.020  6.98   109.9  13.0  10.84
02/07/20 00:24:17 12.01   0.09   0.04   3.041  6.98   109.7  12.9  10.83
02/07/20 00:24:18 12.01   0.09   0.04   3.068  6.98   109.1  12.7  10.83
02/07/20 00:24:19 12.01   0.09   0.04   3.090  6.98   108.2  12.6  10.83
02/07/20 00:24:20 12.01   0.09   0.04   3.110  6.98   107.0  12.4  10.83
02/07/20 00:24:21 12.01   0.09   0.04   3.133  6.98   105.5  12.3  10.82
02/07/20 00:24:22 12.02   0.09   0.04   3.156  6.97   103.9  12.1  10.83
02/07/20 00:24:23 12.02   0.09   0.04   3.177  6.97   102.1  11.9  10.84
02/07/20 00:24:24 12.02   0.09   0.04   3.204  6.98   100.4  11.8  10.85
02/07/20 00:24:25 12.03   0.09   0.04   3.219  6.98    98.7  11.6  10.84
02/07/20 00:24:26 12.03   0.09   0.04   3.236  6.98    97.2  11.5  10.83
02/07/20 00:24:27 12.03   0.09   0.04   3.257  6.98    96.0  11.4  10.83
02/07/20 00:24:28 12.02   0.09   0.04   3.275  6.98    95.0  11.2  10.83
02/07/20 00:24:29 12.02   0.09   0.04   3.293  6.98    94.5  11.1  10.83
02/07/20 00:24:30 12.03   0.09   0.04   3.307  6.98    94.4  10.9  10.82
02/07/20 00:24:31 12.03   0.09   0.04   3.316  6.99    94.7  10.8  10.83
02/07/20 00:24:32 12.03   0.09   0.04   3.329  6.98    95.4  10.6  10.82
02/07/20 00:24:33 12.03   0.09   0.04   3.347  6.98    96.6  10.4  10.83
02/07/20 00:24:34 12.02   0.09   0.04   3.365  6.98    98.1  10.3  10.84
02/07/20 00:24:35 12.01   0.09   0.04   3.381  6.97   100.0  10.1  10.84
02/07/20 00:24:36 12.00   0.09   0.04   3.406  6.98   102.1  10.0  10.84
02/07/20 00:24:37 12.00   0.09   0.04   3.422  6.98   104.5   9.8  10.84
02/07/20 00:24:38 11.99   0.09   0.04   3.435  6.99   107.0   9.8  10.83
02/07/20 00:24:39 12.00   0.09   0.04   3.451  7.00   109.5   9.7  10.84
02/07/20 00:24:40 12.01   0.09   0.04   3.474  6.99   112.1   9.7  10.84
02/07/20 00:24:41 12.02   0.09   0.04   3.487  6.98   114.6   9.8  10.85
02/07/20 00:24:42 12.02   0.09   0.04   3.499  6.98   116.9   9.9  10.85
02/07/20 00:24:43 12.02   0.09   0.04   3.516  6.98   119.2  10.1  10.86
02/07/20 00:24:44 12.02   0.09   0.04   3.534  6.98   121.4  10.4  10.86
02/07/20 00:24:45 12.02   0.09   0.04   3.550  6.98   123.4  10.7  10.85
02/07/20 00:24:46 12.02   0.09   0.04   3.564  6.98   125.2  11.0  10.86
02/07/20 00:24:47 12.02   0.09   0.04   3.573  6.98   127.0  11.4  10.86
02/07/20 00:24:48 12.02   0.09   0.04   3.590  6.97   128.8  11.7  10.85
02/07/20 00:24:49 12.02   0.09   0.04   3.616  6.98   130.5  12.1  10.86
02/07/20 00:24:50 12.03   0.09   0.04   3.635  6.98   132.3  12.4  10.86
02/07/20 00:24:51 12.03   0.09   0.04   3.645  6.98   134.1  12.8  10.87
02/07/20 00:24:52 12.04   0.08   0.04   3.654  6.97   136.0  13.1  10.86
02/07/20 00:24:55 12.05   0.08   0.04   3.665  6.97   142.5  13.7  10.88
02/07/20 00:24:53 12.04   0.08   0.04   3.666  6.98   138.1  13.3  10.87
02/07/20 00:24:54 12.05   0.08   0.04   3.666  6.97   140.2  13.6  10.88
02/07/20 00:24:56 12.06   0.08   0.04   3.681  6.96   144.9  13.9  10.87
02/07/20 00:24:57 12.05   0.08   0.04   3.700  6.97   147.2  13.9  10.88
02/07/20 00:24:58 12.05   0.08   0.04   3.716  6.96   149.5  13.9  10.86
02/07/20 00:24:59 12.05   0.08   0.04   3.718  6.96   151.7  13.9  10.86
02/07/20 00:25:00 12.06   0.08   0.04   3.728  6.96   153.6  13.8  10.88
02/07/20 00:25:01 12.06   0.08   0.04   3.740  6.96   155.2  13.6  10.89
02/07/20 00:25:02 12.07   0.08   0.04   3.761  6.95   156.3  13.4  10.89
02/07/20 00:25:03 12.07   0.08   0.04   3.769  6.95   157.0  13.2  10.89
02/07/20 00:25:04 12.07   0.08   0.04   3.772  6.95   157.0  12.9  10.90
02/07/20 00:25:05 12.07   0.08   0.04   3.779  6.95   156.4  12.6  10.89
02/07/20 00:25:06 12.07   0.08   0.04   3.793  6.95   155.3  12.3  10.88
02/07/20 00:25:07 12.07   0.08   0.04   3.806  6.94   153.5  12.0  10.87
02/07/20 00:25:08 12.07   0.08   0.04   3.843  6.94   151.4  11.8  10.87
02/07/20 00:25:09 12.07   0.08   0.04   3.876  6.94   148.9  11.5  10.87
02/07/20 00:25:10 12.07   0.08   0.04   3.909  6.94   146.2  11.3  10.86
02/07/20 00:25:11 12.07   0.08   0.04   3.934  6.94   143.4  11.2  10.87
02/07/20 00:25:12 12.07   0.08   0.04   3.956  6.93   140.9  11.1  10.86
02/07/20 00:25:13 12.07   0.08   0.04   3.987  6.93   138.7  11.1  10.87
02/07/20 00:25:14 12.07   0.08   0.04   4.007  6.93   136.9  11.1  10.88
02/07/20 00:25:15 12.06   0.08   0.04   4.022  6.93   135.7  11.1  10.89
02/07/20 00:25:16 12.05   0.08   0.04   4.041  6.93   135.1  11.3  10.88
02/07/20 00:25:17 12.04   0.08   0.04   4.051  6.93   135.1  11.4  10.90
02/07/20 00:25:18 12.04   0.08   0.04   4.064  6.93   135.7  11.6  10.89
02/07/20 00:25:20 12.04   0.08   0.04   4.074  6.94   138.1  12.0  10.87
02/07/20 00:25:19 12.04   0.08   0.04   4.076  6.93   136.7  11.8  10.88
02/07/20 00:25:23 12.05   0.08   0.04   4.091  6.94   142.6  12.6  10.85
02/07/20 00:25:21 12.04   0.08   0.04   4.093  6.93   139.6  12.2  10.87
02/07/20 00:25:22 12.05   0.08   0.04   4.096  6.94   141.2  12.4  10.86
02/07/20 00:25:24 12.06   0.08   0.04   4.116  6.94   143.7  12.7  10.84
02/07/20 00:25:25 12.06   0.08   0.04   4.133  6.93   144.4  12.8  10.83
02/07/20 00:25:26 12.07   0.08   0.04   4.147  6.93   144.7  12.8  10.84
02/07/20 00:25:27 12.07   0.08   0.04   4.167  6.92   144.5  12.7  10.83
02/07/20 00:25:28 12.07   0.08   0.04   4.181  6.93   143.8  12.6  10.81
02/07/20 00:25:29 12.06   0.08   0.04   4.201  6.92   142.8  12.4  10.81
02/07/20 00:25:30 12.06   0.08   0.04   4.236  6.92   141.6  12.2  10.81
02/07/20 00:25:32 12.06   0.08   0.04   4.259  6.92   138.7  11.8  10.81
02/07/20 00:25:31 12.06   0.08   0.04   4.262  6.92   140.1  12.0  10.82
02/07/20 00:25:33 12.05   0.08   0.04   4.282  6.92   137.3  11.6  10.83
02/07/20 00:25:35 12.05   0.08   0.04   4.312  6.92   135.2  11.4  10.83
02/07/20 00:25:34 12.05   0.08   0.04   4.313  6.92   136.1  11.5  10.84
02/07/20 00:25:36 12.05   0.08   0.04   4.349  6.92   134.6  11.4  10.83
02/07/20 00:25:37 12.05   0.08   0.04   4.377  6.92   134.3  11.5  10.84
02/07/20 00:25:44 12.04   0.08   0.04   4.378  6.92   135.9  12.8  10.83
02/07/20 00:25:42 12.04   0.08   0.04   4.383  6.92   135.5  12.4  10.83
02/07/20 00:25:43 12.04   0.08   0.04   4.384  6.92   135.8  12.6  10.84
02/07/20 00:25:38 12.04   0.08   0.04   4.386  6.92   134.2  11.6  10.84
02/07/20 00:25:40 12.04   0.08   0.04   4.386  6.92   134.7  12.0  10.84
02/07/20 00:25:41 12.04   0.08   0.04   4.386  6.92   135.1  12.2  10.84
02/07/20 00:25:39 12.04   0.08   0.04   4.389  6.92   134.4  11.7  10.84
02/07/20 00:25:45 12.05   0.08   0.04   4.404  6.92   135.8  12.9  10.83
02/07/20 00:25:46 12.05   0.08   0.04   4.434  6.92   135.4  12.9  10.82
02/07/20 00:25:47 12.05   0.08   0.04   4.444  6.92   134.8  12.9  10.82
02/07/20 00:25:48 12.05   0.08   0.04   4.486  6.91   134.0  12.8  10.82
02/07/20 00:25:49 12.05   0.08   0.04   4.531  6.92   133.1  12.6  10.82
02/07/20 00:25:50 12.05   0.09   0.04   4.551  6.92   132.0  12.3  10.81
02/07/20 00:25:51 12.05   0.09   0.04   4.569  6.92   131.0  12.0  10.82
02/07/20 00:25:52 12.05   0.08   0.04   4.585  6.92   130.1  11.7  10.83
02/07/20 00:25:53 12.06   0.08   0.04   4.612  6.92   129.4  11.3  10.83
02/07/20 00:25:54 12.07   0.08   0.04   4.636  6.92   128.9  11.0  10.82
02/07/20 00:25:55 12.06   0.08   0.04   4.655  6.92   128.7  10.7  10.83
02/07/20 00:25:56 12.06   0.09   0.04   4.675  6.92   128.8  10.4  10.82
02/07/20 00:25:57 12.06   0.09   0.04   4.695  6.92   129.3  10.2  10.82
02/07/20 00:25:58 12.05   0.09   0.04   4.714  6.92   130.2  10.1  10.81
02/07/20 00:25:59 12.06   0.08   0.04   4.735  6.92   131.4  10.0  10.82
02/07/20 00:26:00 12.06   0.08   0.04   4.766  6.92   132.9  10.0  10.82
02/07/20 00:26:01 12.07   0.08   0.04   4.776  6.91   134.6  10.1  10.81
02/07/20 00:26:02 12.07   0.09   0.04   4.806  6.91   136.5  10.3  10.83
02/07/20 00:26:03 12.07   0.09   0.04   4.830  6.92   138.4  10.5  10.83
02/07/20 00:26:04 12.08   0.08   0.04   4.843  6.93   140.3  10.8  10.83
02/07/20 00:26:05 12.09   0.08   0.04   4.859  6.93   142.2  11.1  10.83
02/07/20 00:26:06 12.09   0.08   0.04   4.882  6.92   143.8  11.4  10.83
02/07/20 00:26:07 12.09   0.08   0.04   4.893  6.92   145.3  11.7  10.83
02/07/20 00:26:08 12.09   0.08   0.04   4.905  6.92   146.5  12.0  10.83
02/07/20 00:26:09 12.09   0.08   0.04   4.927  6.92   147.4  12.3  10.83
02/07/20 00:26:10 12.09   0.08   0.04   4.938  6.92   148.0  12.5  10.84
02/07/20 00:26:11 12.09   0.08   0.04   4.942  6.91   148.3  12.6  10.84
02/07/20 00:26:12 12.09   0.08   0.04   4.985  6.91   148.3  12.7  10.84
02/07/20 00:26:13 12.09   0.08   0.04   5.024  6.91   148.1  12.7  10.85
02/07/20 00:26:14 12.09   0.08   0.04   5.057  6.91   147.6  12.6  10.84
02/07/20 00:26:15 12.09   0.08   0.04   5.089  6.91   146.8  12.5  10.83
02/07/20 00:26:16 12.09   0.08   0.04   5.109  6.91   145.9  12.3  10.83
02/07/20 00:26:20 12.09   0.08   0.04   5.121  6.91   140.4  11.4  10.82
02/07/20 00:26:17 12.09   0.08   0.04   5.123  6.91   144.7  12.1  10.82
02/07/20 00:26:19 12.09   0.08   0.04   5.123  6.91   141.9  11.6  10.83
02/07/20 00:26:18 12.09   0.08   0.04   5.127  6.91   143.4  11.9  10.83
02/07/20 00:26:21 12.10   0.08   0.04   5.147  6.91   138.8  11.3  10.81
02/07/20 00:26:22 12.10   0.08   0.04   5.180  6.90   137.2  11.1  10.81
02/07/20 00:26:23 12.10   0.08   0.04   5.191  6.90   135.7  11.1  10.81
02/07/20 00:26:24 12.10   0.08   0.04   5.207  6.90   134.4  11.1  10.81
02/07/20 00:26:25 12.10   0.08   0.04   5.227  6.90   133.2  11.1  10.80
02/07/20 00:26:26 12.10   0.08   0.04   5.262  6.90   132.4  11.2  10.81
02/07/20 00:26:27 12.10   0.08   0.04   5.297  6.90   131.9  11.4  10.81
02/07/20 00:26:28 12.10   0.08   0.04   5.317  6.90   131.7  11.6  10.80
02/07/20 00:26:29 12.10   0.08   0.04   5.338  6.90   132.0  11.9  10.79
02/07/20 00:26:30 12.09   0.08   0.04   5.369  6.90   132.6  12.1  10.81
02/07/20 00:26:31 12.09   0.08   0.04   5.396  6.90   133.7  12.4  10.80
02/07/20 00:26:32 12.09   0.08   0.04   5.432  6.90   135.0  12.7  10.80
02/07/20 00:26:33 12.09   0.08   0.04   5.456  6.91   136.7  12.9  10.81
02/07/20 00:26:34 12.09   0.08   0.04   5.472  6.90   138.5  13.1  10.82
02/07/20 00:26:35 12.09   0.08   0.04   5.483  6.90   140.5  13.2  10.81
02/07/20 00:26:36 12.10   0.08   0.04   5.495  6.90   142.5  13.3  10.82
02/07/20 00:26:37 12.10   0.08   0.04   5.512  6.90   144.4  13.4  10.82
02/07/20 00:26:39 12.12   0.08   0.04   5.522  6.90   148.0  13.3  10.81
02/07/20 00:26:38 12.11   0.08   0.04   5.529  6.90   146.3  13.3  10.81
02/07/20 00:26:40 12.12   0.08   0.04   5.538  6.90   149.6  13.2  10.80
02/07/20 00:26:41 12.12   0.08   0.04   5.542  6.90   151.0  13.0  10.80
02/07/20 00:26:53 12.13   0.08   0.04   5.543  6.88   165.4  13.2  10.80
02/07/20 00:26:42 12.12   0.08   0.04   5.545  6.90   152.2  12.8  10.79
02/07/20 00:26:51 12.12   0.08   0.04   5.550  6.89   163.0  12.8  10.79
02/07/20 00:26:52 12.12   0.08   0.04   5.552  6.89   164.2  13.0  10.80
02/07/20 00:26:50 12.12   0.08   0.04   5.558  6.89   161.7  12.6  10.79
02/07/20 00:26:43 12.13   0.08   0.04   5.560  6.89   153.4  12.7  10.81
02/07/20 00:26:54 12.12   0.08   0.04   5.563  6.89   166.3  13.4  10.79
02/07/20 00:26:44 12.13   0.08   0.04   5.564  6.89   154.5  12.5  10.81
02/07/20 00:26:49 12.13   0.08   0.04   5.564  6.89   160.4  12.5  10.80
02/07/20 00:26:46 12.13   0.08   0.04   5.565  6.89   156.7  12.4  10.82
02/07/20 00:26:55 12.13   0.08   0.04   5.567  6.89   167.0  13.6  10.80
02/07/20 00:26:45 12.13   0.08   0.04   5.571  6.89   155.5  12.4  10.80
02/07/20 00:26:47 12.13   0.08   0.04   5.573  6.89   157.8  12.4  10.81
02/07/20 00:26:48 12.13   0.08   0.04   5.584  6.89   159.1  12.4  10.80
02/07/20 00:26:56 12.13   0.08   0.04   5.597  6.88   167.3  13.8  10.81
02/07/20 00:26:57 12.12   0.08   0.04   5.634  6.88   167.4  13.9  10.79
02/07/20 00:26:58 12.12   0.08   0.04   5.655  6.88   167.2  14.0  10.80
02/07/20 00:26:59 12.12   0.08   0.04   5.661  6.88   166.7  14.0  10.79
02/07/20 00:27:00 12.12   0.08   0.04   5.667  6.88   165.9  14.0  10.78
02/07/20 00:27:01 12.13   0.08   0.04   5.669  6.88   164.9  14.0  10.78
02/07/20 00:27:02 12.13   0.08   0.04   5.690  6.88   163.8  13.9  10.78
02/07/20 00:27:03 12.13   0.08   0.04   5.731  6.88   162.5  13.8  10.79
02/07/20 00:27:04 12.13   0.08   0.04   5.755  6.88   161.0  13.7  10.80
02/07/20 00:27:05 12.13   0.08   0.04   5.767  6.88   159.4  13.5  10.78
02/07/20 00:27:06 12.13   0.08   0.04   5.800  6.88   157.8  13.4  10.78
02/07/20 00:27:07 12.13   0.08   0.04   5.819  6.88   155.9  13.2  10.77
02/07/20 00:27:08 12.13   0.08   0.04   5.849  6.88   154.0  13.0  10.78
02/07/20 00:27:09 12.13   0.08   0.04   5.882  6.87   151.9  12.8  10.77
02/07/20 00:27:10 12.13   0.08   0.04   5.904  6.87   149.7  12.6  10.76
02/07/20 00:27:11 12.13   0.08   0.04   5.924  6.87   147.3  12.4  10.76
02/07/20 00:27:12 12.13   0.08   0.04   5.935  6.87   144.9  12.2  10.76
02/07/20 00:27:13 12.12   0.08   0.04   5.950  6.87   142.5  12.1  10.75
02/07/20 00:27:14 12.12   0.08   0.04   5.969  6.87   140.2  12.0  10.76
02/07/20 00:27:15 12.11   0.08   0.04   5.995  6.87   138.0  11.9  10.76
02/07/20 00:27:16 12.11   0.08   0.04   6.026  6.87   136.2  11.8  10.77
02/07/20 00:27:17 12.10   0.08   0.04   6.052  6.87   134.7  11.7  10.78
02/07/20 00:27:18 12.10   0.08   0.04   6.082  6.87   133.7  11.7  10.78
02/07/20 00:27:19 12.10   0.08   0.04   6.102  6.87   133.3  11.7  10.77
02/07/20 00:27:20 12.11   0.08   0.04   6.113  6.87   133.4  11.8  10.77
02/07/20 00:27:21 12.11   0.08   0.04   6.149  6.87   134.2  11.9  10.76
02/07/20 00:27:22 12.11   0.09   0.04   6.161  6.88   135.4  11.9  10.76
02/07/20 00:27:23 12.11   0.09   0.04   6.179  6.88   137.1  12.0  10.76
02/07/20 00:27:24 12.10   0.09   0.04   6.193  6.88   139.0  12.1  10.76
02/07/20 00:27:25 12.10   0.09   0.04   6.200  6.88   141.2  12.3  10.75
02/07/20 00:27:26 12.10   0.09   0.04   6.207  6.88   143.3  12.4  10.74
02/07/20 00:27:27 12.10   0.08   0.04   6.231  6.88   145.2  12.5  10.74
02/07/20 00:27:28 12.11   0.08   0.04   6.262  6.88   146.9  12.6  10.73
02/07/20 00:27:29 12.13   0.08   0.04   6.304  6.88   148.2  12.7  10.73
02/07/20 00:27:30 12.14   0.08   0.04   6.348  6.88   148.9  12.8  10.72
02/07/20 00:27:31 12.15   0.08   0.04   6.395  6.88   149.2  12.9  10.72
02/07/20 00:27:32 12.15   0.08   0.04   6.436  6.88   149.0  13.1  10.71
02/07/20 00:27:33 12.15   0.08   0.04   6.463  6.88   148.4  13.2  10.72
02/07/20 00:27:34 12.16   0.08   0.04   6.491  6.88   147.5  13.3  10.72
02/07/20 00:27:35 12.16   0.08   0.04   6.515  6.88   146.5  13.5  10.71
02/07/20 00:27:36 12.16   0.08   0.04   6.527  6.88   145.5  13.6  10.72
02/07/20 00:27:37 12.15   0.08   0.04   6.544  6.88   144.8  13.7  10.73
02/07/20 00:27:38 12.15   0.08   0.04   6.548  6.88   144.4  13.8  10.72
02/07/20 00:27:39 12.15   0.08   0.04   6.575  6.87   144.6  13.9  10.71
02/07/20 00:27:40 12.15   0.08   0.04   6.591  6.88   145.3  14.0  10.71
02/07/20 00:27:41 12.14   0.08   0.04   6.612  6.88   146.8  14.0  10.70
02/07/20 00:27:42 12.14   0.08   0.04   6.640  6.87   148.8  14.1  10.69
02/07/20 00:27:43 12.14   0.08   0.04   6.667  6.88   151.5  14.0  10.69
02/07/20 00:27:44 12.15   0.08   0.04   6.701  6.88   154.7  14.0  10.70
02/07/20 00:27:45 12.15   0.08   0.04   6.728  6.88   158.2  13.9  10.69
02/07/20 00:27:46 12.15   0.08   0.04   6.762  6.88   162.0  13.8  10.68
02/07/20 00:27:47 12.15   0.08   0.04   6.793  6.88   165.9  13.7  10.68
02/07/20 00:27:48 12.14   0.08   0.04   6.819  6.88   169.7  13.6  10.68
02/07/20 00:27:49 12.14   0.08   0.04   6.843  6.88   173.2  13.5  10.68
02/07/20 00:27:50 12.14   0.08   0.04   6.883  6.88   176.5  13.3  10.68
02/07/20 00:27:51 12.14   0.08   0.04   6.910  6.88   179.4  13.2  10.68
02/07/20 00:27:52 12.14   0.08   0.04   6.941  6.88   181.8  13.0  10.67
02/07/20 00:27:53 12.14   0.08   0.04   6.965  6.88   183.8  12.9  10.68
02/07/20 00:27:54 12.14   0.08   0.04   6.997  6.88   185.3  12.8  10.69
02/07/20 00:27:55 12.14   0.08   0.04   7.019  6.88   186.3  12.6  10.68
02/07/20 00:27:56 12.14   0.08   0.04   7.047  6.88   187.0  12.6  10.69
02/07/20 00:27:57 12.14   0.08   0.04   7.086  6.88   187.2  12.5  10.69
02/07/20 00:27:58 12.15   0.08   0.04   7.109  6.88   187.1  12.4  10.68
02/07/20 00:27:59 12.15   0.08   0.04   7.139  6.87   186.6  12.4  10.66
02/07/20 00:28:00 12.15   0.08   0.04   7.175  6.87   185.9  12.5  10.66
02/07/20 00:28:01 12.14   0.08   0.04   7.201  6.87   184.8  12.5  10.65
02/07/20 00:28:02 12.14   0.08   0.04   7.231  6.87   183.6  12.6  10.64
02/07/20 00:28:03 12.14   0.08   0.04   7.260  6.87   182.2  12.6  10.64
02/07/20 00:28:04 12.14   0.08   0.04   7.288  6.87   180.6  12.7  10.65
02/07/20 00:28:05 12.14   0.08   0.04   7.319  6.87   179.0  12.8  10.66
02/07/20 00:28:06 12.14   0.08   0.04   7.358  6.87   177.4  12.9  10.66
02/07/20 00:28:07 12.14   0.08   0.04   7.389  6.87   175.8  13.0  10.65
02/07/20 00:28:08 12.15   0.08   0.04   7.415  6.87   174.3  13.0  10.66
02/07/20 00:28:09 12.15   0.08   0.04   7.441  6.87   173.1  13.1  10.65
02/07/20 00:28:10 12.15   0.08   0.04   7.467  6.87   172.1  13.0  10.65
02/07/20 00:28:11 12.15   0.08   0.04   7.488  6.86   171.4  13.0  10.65
02/07/20 00:28:12 12.15   0.08   0.04   7.499  6.86   171.1  12.9  10.65
02/07/20 00:28:13 12.15   0.08   0.04   7.505  6.86   171.2  12.8  10.63
02/07/20 00:28:14 12.15   0.08   0.04   7.510  6.86   171.6  12.7  10.64
02/07/20 00:28:15 12.15   0.08   0.04   7.512  6.86   172.4  12.6  10.63
02/07/20 00:28:16 12.15   0.08   0.04   7.516  6.86   173.4  12.4  10.62
02/07/20 00:28:20 12.15   0.08   0.04   7.516  6.86   179.8  11.8  10.62
02/07/20 00:28:19 12.15   0.08   0.04   7.518  6.86   178.0  11.9  10.62
02/07/20 00:28:21 12.15   0.08   0.04   7.518  6.86   181.5  11.7  10.63
02/07/20 00:28:17 12.15   0.08   0.04   7.519  6.86   174.8  12.2  10.64
02/07/20 00:28:18 12.15   0.08   0.04   7.521  6.86   176.4  12.1  10.63

Profile Time: 00:21:19
Profile Date: 02/07/2020
Profile Location: jlhaw Serial no: : 0001C33F, ID: : Lucky
Sonde data Status: Unfiltered, VisualCheck
Data Status: , PostCal
02/07/20 01:36:25 12.16   0.07   0.03   0.050  7.00   180.0  17.8  10.85
02/07/20 01:36:29 12.15   0.07   0.03   0.059  7.00   168.3  14.0  10.86
02/07/20 01:36:36 12.15   0.07   0.03   0.059  6.99   156.9  11.7  10.83
02/07/20 01:36:35 12.15   0.07   0.03   0.060  6.99   157.7  11.6  10.85
02/07/20 01:36:33 12.15   0.07   0.03   0.063  6.99   160.1  11.9  10.85
02/07/20 01:36:38 12.15   0.07   0.03   0.064  6.99   156.1  12.0  10.82
02/07/20 01:36:27 12.15   0.07   0.03   0.066  7.00   173.9  15.8  10.86
02/07/20 01:36:37 12.15   0.07   0.03   0.067  6.99   156.4  11.8  10.82
02/07/20 01:36:26 12.16   0.07   0.03   0.068  7.00   176.9  16.8  10.85
02/07/20 01:36:28 12.15   0.07   0.03   0.068  7.00   171.0  14.9  10.86
02/07/20 01:36:32 12.15   0.07   0.03   0.068  7.00   161.7  12.2  10.86
02/07/20 01:36:34 12.15   0.07   0.03   0.068  6.99   158.8  11.7  10.84
02/07/20 01:36:39 12.15   0.07   0.03   0.068  6.99   156.0  12.2  10.82
02/07/20 01:36:30 12.15   0.07   0.03   0.071  7.00   165.8  13.3  10.86
02/07/20 01:36:40 12.15   0.07   0.03   0.072  6.99   156.2  12.5  10.82
02/07/20 01:36:31 12.15   0.07   0.03   0.080  7.00   163.6  12.7  10.86
02/07/20 01:36:41 12.15   0.07   0.03   0.084  6.98   156.5  12.7  10.83
02/07/20 01:36:42 12.15   0.07   0.03   0.106  6.98   157.1  12.9  10.83
02/07/20 01:36:43 12.16   0.07   0.03   0.123  6.98   157.8  13.1  10.84
02/07/20 01:36:44 12.16   0.07   0.03   0.142  6.98   158.8  13.2  10.84
02/07/20 01:36:45 12.15   0.07   0.03   0.160  6.98   159.8  13.3  10.84
02/07/20 01:36:46 12.15   0.07   0.03   0.171  6.98   161.0  13.2  10.83
02/07/20 01:36:47 12.15   0.07   0.03   0.182  6.98   162.3  13.1  10.84
02/07/20 01:36:48 12.15   0.07   0.03   0.196  6.98   163.8  13.0  10.84
02/07/20 01:36:49 12.15   0.07   0.03   0.209  6.98   165.2  12.7  10.83
02/07/20 01:36:50 12.15   0.07   0.03   0.226  6.98   166.7  12.5  10.83
02/07/20 01:36:51 12.15   0.07   0.03   0.241  6.98   168.2  12.2  10.82
02/07/20 01:36:52 12.15   0.07   0.03   0.255  6.98   169.6  12.0  10.81
02/07/20 01:36:53 12.15   0.07   0.03   0.273  6.98   170.8  11.8  10.81
02/07/20 01:36:54 12.14   0.07   0.03   0.291  6.98   171.9  11.6  10.82
02/07/20 01:36:55 12.14   0.07   0.03   0.297  6.98   172.7  11.6  10.82
02/07/20 01:36:56 12.15   0.07   0.03   0.320  6.97   173.2  11.6  10.82
02/07/20 01:36:57 12.14   0.07   0.03   0.328  6.97   173.4  11.8  10.83
02/07/20 01:36:58 12.14   0.07   0.03   0.343  6.97   173.1  12.0  10.84
02/07/20 01:36:59 12.14   0.07   0.03   0.362  6.97   172.3  12.3  10.84
02/07/20 01:37:00 12.14   0.07   0.03   0.386  6.96   171.2  12.7  10.83
02/07/20 01:37:01 12.13   0.07   0.03   0.405  6.96   169.6  13.0  10.84
02/07/20 01:37:02 12.13   0.07   0.03   0.421  6.96   167.7  13.4  10.83
02/07/20 01:37:03 12.14   0.07   0.03   0.443  6.95   165.5  13.8  10.83
02/07/20 01:37:04 12.14   0.07   0.03   0.460  6.95   163.1  14.1  10.83
02/07/20 01:37:05 12.15   0.07   0.03   0.474  6.95   160.7  14.3  10.83
02/07/20 01:37:06 12.15   0.07   0.03   0.488  6.95   158.2  14.4  10.83
02/07/20 01:37:07 12.15   0.07   0.03   0.521  6.95   155.9  14.4  10.83
02/07/20 01:37:08 12.15   0.07   0.03   0.538  6.94   153.8  14.4  10.84
02/07/20 01:37:09 12.15   0.07   0.03   0.556  6.94   151.9  14.2  10.83
02/07/20 01:37:10 12.16   0.08   0.03   0.567  6.94   150.3  14.0  10.83
02/07/20 01:37:11 12.16   0.08   0.03   0.584  6.94   149.1  13.7  10.83
02/07/20 01:37:12 12.16   0.08   0.03   0.599  6.94   148.3  13.4  10.83
02/07/20 01:37:13 12.16   0.08   0.03   0.616  6.94   147.8  13.1  10.82
02/07/20 01:37:14 12.16   0.08   0.03   0.642  6.94   147.6  12.8  10.81
02/07/20 01:37:15 12.16   0.08   0.03   0.660  6.94   147.7  12.5  10.81
02/07/20 01:37:16 12.16   0.08   0.03   0.685  6.94   148.0  12.4  10.81
02/07/20 01:37:17 12.16   0.08   0.03   0.696  6.94   148.6  12.2  10.80
02/07/20 01:37:18 12.16   0.08   0.03   0.708  6.94   149.3  12.2  10.80
02/07/20 01:37:19 12.16   0.08   0.03   0.729  6.94   150.0  12.2  10.79
02/07/20 01:37:20 12.16   0.08   0.03   0.743  6.94   150.8  12.2  10.80
02/07/20 01:37:21 12.16   0.08   0.03   0.761  6.94   151.6  12.3  10.79
02/07/20 01:37:22 12.16   0.08   0.03   0.783  6.94   152.3  12.4  10.81
02/07/20 01:37:23 12.16   0.08   0.03   0.810  6.94   152.9  12.5  10.82
02/07/20 01:37:24 12.16   0.08   0.03   0.827  6.94   153.3  12.7  10.82
02/07/20 01:37:25 12.16   0.08   0.03   0.842  6.93   153.6  12.7  10.82
02/07/20 01:37:26 12.16   0.08   0.03   0.865  6.93   153.7  12.8  10.82
02/07/20 01:37:27 12.16   0.08   0.03   0.889  6.93   153.7  12.8  10.83
02/07/20 01:37:28 12.15   0.08   0.03   0.903  6.93   153.4  12.7  10.84
02/07/20 01:37:29 12.15   0.08   0.03   0.922  6.93   153.0  12.6  10.85
02/07/20 01:37:30 12.16   0.08   0.03   0.951  6.93   152.5  12.4  10.86
02/07/20 01:37:31 12.16   0.08   0.03   0.959  6.93   151.9  12.2  10.84
02/07/20 01:37:32 12.16   0.08   0.03   0.972  6.93   151.2  11.9  10.83
02/07/20 01:37:33 12.16   0.08   0.03   0.989  6.93   150.5  11.7  10.84
02/07/20 01:37:34 12.16   0.08   0.03   1.023  6.93   149.9  11.4  10.84
02/07/20 01:37:35 12.16   0.08   0.03   1.035  6.93   149.3  11.2  10.83
02/07/20 01:37:36 12.16   0.08   0.04   1.057  6.93   148.9  11.1  10.83
02/07/20 01:37:37 12.17   0.08   0.04   1.080  6.93   148.5  11.0  10.83
02/07/20 01:37:38 12.17   0.08   0.04   1.103  6.93   148.3  10.9  10.82
02/07/20 01:37:39 12.17   0.08   0.04   1.122  6.93   148.1  10.9  10.81
02/07/20 01:37:40 12.16   0.08   0.04   1.140  6.93   148.1  11.0  10.82
02/07/20 01:37:41 12.16   0.08   0.04   1.160  6.93   148.0  11.1  10.83
02/07/20 01:37:42 12.16   0.08   0.04   1.172  6.93   148.0  11.3  10.82
02/07/20 01:37:43 12.16   0.08   0.04   1.188  6.93   147.8  11.4  10.82
02/07/20 01:37:44 12.16   0.08   0.04   1.207  6.93   147.6  11.6  10.81
02/07/20 01:37:45 12.16   0.08   0.04   1.223  6.93   147.3  11.7  10.80
02/07/20 01:37:46 12.16   0.08   0.04   1.241  6.93   146.8  11.8  10.81
02/07/20 01:37:47 12.16   0.08   0.04   1.256  6.93   146.2  11.8  10.82
02/07/20 01:37:48 12.16   0.08   0.04   1.280  6.93   145.4  11.8  10.83
02/07/20 01:37:49 12.16   0.08   0.04   1.312  6.93   144.4  11.8  10.81
02/07/20 01:37:50 12.17   0.08   0.04   1.324  6.93   143.5  11.7  10.82
02/07/20 01:37:51 12.16   0.08   0.04   1.340  6.93   142.5  11.5  10.81
02/07/20 01:37:52 12.16   0.08   0.04   1.369  6.93   141.5  11.4  10.82
02/07/20 01:37:53 12.16   0.08   0.04   1.384  6.93   140.7  11.2  10.83
02/07/20 01:37:54 12.16   0.08   0.04   1.399  6.93   140.0  11.0  10.84
02/07/20 01:37:55 12.16   0.08   0.04   1.420  6.93   139.6  10.9  10.83
02/07/20 01:37:56 12.17   0.08   0.04   1.439  6.93   139.5  10.8  10.84
02/07/20 01:37:57 12.17   0.08   0.04   1.460  6.93   139.6  10.7  10.83
02/07/20 01:37:58 12.17   0.08   0.04   1.472  6.93   140.2  10.7  10.82
02/07/20 01:37:59 12.17   0.08   0.04   1.482  6.93   141.1  10.8  10.82
02/07/20 01:38:00 12.17   0.08   0.04   1.487  6.94   142.4  10.9  10.80
02/07/20 01:38:01 12.17   0.08   0.04   1.510  6.93   143.9  11.0  10.80
02/07/20 01:38:02 12.16   0.08   0.04   1.524  6.93   145.7  11.2  10.80
02/07/20 01:38:03 12.16   0.08   0.03   1.545  6.93   147.7  11.4  10.80
02/07/20 01:38:04 12.16   0.08   0.04   1.568  6.93   149.8  11.6  10.80
02/07/20 01:38:05 12.16   0.08   0.04   1.592  6.93   151.9  11.8  10.79
02/07/20 01:38:06 12.16   0.08   0.04   1.608  6.93   153.9  12.0  10.78
02/07/20 01:38:07 12.16   0.08   0.03   1.625  6.93   155.7  12.1  10.78
02/07/20 01:38:08 12.16   0.08   0.03   1.651  6.93   157.2  12.1  10.78
02/07/20 01:38:09 12.16   0.08   0.03   1.673  6.93   158.2  12.0  10.79
02/07/20 01:38:10 12.15   0.07   0.03   1.698  6.92   158.7  11.9  10.79
02/07/20 01:38:11 12.15   0.07   0.03   1.722  6.93   158.7  11.7  10.79
02/07/20 01:38:12 12.15   0.08   0.03   1.737  6.92   158.1  11.5  10.78
02/07/20 01:38:13 12.15   0.08   0.03   1.752  6.93   156.9  11.2  10.77
02/07/20 01:38:14 12.15   0.08   0.03   1.768  6.92   155.2  10.9  10.77
02/07/20 01:38:15 12.15   0.08   0.03   1.788  6.92   153.0  10.6  10.78
02/07/20 01:38:16 12.16   0.08   0.04   1.813  6.92   150.5  10.3  10.78
02/07/20 01:38:17 12.16   0.08   0.04   1.846  6.92   147.7  10.1  10.79
02/07/20 01:38:18 12.17   0.08   0.04   1.864  6.92   144.8   9.9  10.79
02/07/20 01:38:19 12.17   0.08   0.04   1.883  6.92   141.9   9.7  10.78
02/07/20 01:38:20 12.17   0.08   0.04   1.902  6.92   139.2   9.6  10.78
02/07/20 01:38:21 12.17   0.08   0.04   1.921  6.93   136.6   9.6  10.77
02/07/20 01:38:22 12.17   0.08   0.04   1.939  6.93   134.5   9.7  10.78
02/07/20 01:38:23 12.18   0.08   0.04   1.958  6.93   132.7   9.8  10.77
02/07/20 01:38:24 12.18   0.08   0.04   1.978  6.93   131.5  10.0  10.76
02/07/20 01:38:25 12.18   0.08   0.04   1.995  6.93   130.8  10.2  10.76
02/07/20 01:38:26 12.18   0.08   0.04   2.014  6.93   130.6  10.5  10.76
02/07/20 01:38:27 12.18   0.08   0.04   2.024  6.93   131.0  10.8  10.75
02/07/20 01:38:28 12.18   0.08   0.04   2.042  6.93   131.8  11.0  10.75
02/07/20 01:38:29 12.19   0.08   0.04   2.065  6.93   133.1  11.3  10.77
02/07/20 01:38:30 12.19   0.08   0.04   2.085  6.93   134.7  11.6  10.77
02/07/20 01:38:31 12.19   0.08   0.04   2.113  6.93   136.7  11.8  10.77
02/07/20 01:38:32 12.19   0.08   0.04   2.127  6.93   138.9  12.0  10.77
02/07/20 01:38:33 12.20   0.08   0.04   2.146  6.93   141.2  12.2  10.76
02/07/20 01:38:34 12.20   0.08   0.04   2.165  6.94   143.6  12.3  10.75
02/07/20 01:38:35 12.20   0.08   0.04   2.178  6.95   145.9  12.5  10.76
02/07/20 01:38:36 12.19   0.08   0.04   2.190  6.95   148.1  12.6  10.76
02/07/20 01:38:37 12.17   0.08   0.04   2.204  6.94   150.1  12.6  10.76
02/07/20 01:38:38 12.17   0.08   0.04   2.205  6.94   151.9  12.7  10.76
02/07/20 01:38:39 12.17   0.08   0.04   2.220  6.94   153.5  12.8  10.76
02/07/20 01:38:40 12.17   0.08   0.04   2.241  6.94   154.7  12.8  10.77
02/07/20 01:38:41 12.16   0.08   0.04   2.250  6.94   155.6  12.9  10.76
02/07/20 01:38:42 12.16   0.08   0.04   2.265  6.94   156.2  13.0  10.75
02/07/20 01:38:43 12.15   0.08   0.03   2.281  6.93   156.5  13.1  10.76
02/07/20 01:38:44 12.15   0.08   0.03   2.303  6.94   156.6  13.2  10.75
02/07/20 01:38:46 12.15   0.07   0.03   2.314  6.93   156.1  13.3  10.75
02/07/20 01:38:45 12.15   0.08   0.03   2.316  6.93   156.4  13.2  10.75
02/07/20 01:38:47 12.15   0.07   0.03   2.328  6.93   155.6  13.3  10.75
02/07/20 01:38:48 12.15   0.08   0.03   2.349  6.92   155.1  13.2  10.76
02/07/20 01:38:49 12.15   0.08   0.04   2.377  6.92   154.5  13.2  10.76
02/07/20 01:38:50 12.16   0.08   0.04   2.407  6.93   153.9  13.1  10.77
02/07/20 01:38:51 12.17   0.08   0.04   2.426  6.93   153.2  13.0  10.77
02/07/20 01:38:52 12.16   0.08   0.03   2.436  6.94   152.6  12.8  10.77
02/07/20 01:38:53 12.16   0.08   0.03   2.460  6.93   152.0  12.7  10.78
02/07/20 01:38:54 12.16   0.08   0.03   2.467  6.94   151.3  12.5  10.78
02/07/20 01:38:55 12.16   0.08   0.03   2.469  6.94   150.7  12.3  10.78
02/07/20 01:38:56 12.15   0.08   0.03   2.473  6.93   150.0  12.1  10.77
02/07/20 01:38:57 12.15   0.08   0.03   2.481  6.93   149.4  11.9  10.77
02/07/20 01:38:58 12.15   0.08   0.03   2.485  6.93   148.6  11.7  10.77
02/07/20 01:38:59 12.15   0.08   0.03   2.495  6.93   147.9  11.5  10.78
02/07/20 01:39:00 12.15   0.08   0.03   2.495  6.93   147.2  11.4  10.78
02/07/20 01:39:01 12.15   0.08   0.03   2.524  6.93   146.5  11.4  10.78
02/07/20 01:39:02 12.15   0.08   0.03   2.543  6.93   146.0  11.3  10.79
02/07/20 01:39:03 12.16   0.08   0.03   2.568  6.92   145.5  11.3  10.78
02/07/20 01:39:04 12.17   0.08   0.04   2.591  6.93   145.2  11.3  10.77
02/07/20 01:39:05 12.17   0.08   0.04   2.599  6.93   145.0  11.4  10.77
02/07/20 01:39:06 12.17   0.08   0.04   2.618  6.93   145.0  11.5  10.76
02/07/20 01:39:07 12.18   0.08   0.04   2.636  6.93   145.3  11.7  10.76
02/07/20 01:39:08 12.17   0.08   0.04   2.661  6.93   145.7  11.9  10.76
02/07/20 01:39:09 12.17   0.08   0.04   2.683  6.93   146.3  12.0  10.76
02/07/20 01:39:10 12.16   0.08   0.03   2.688  6.93   147.1  12.2  10.76
02/07/20 01:39:11 12.16   0.08   0.03   2.727  6.93   147.9  12.4  10.75
02/07/20 01:39:12 12.15   0.08   0.03   2.764  6.93   148.7  12.6  10.76
02/07/20 01:39:14 12.15   0.08   0.03   2.770  6.93   150.2  13.0  10.76
02/07/20 01:39:15 12.14   0.08   0.03   2.781  6.93   150.8  13.1  10.76
02/07/20 01:39:13 12.15   0.08   0.03   2.786  6.93   149.5  12.8  10.76
02/07/20 01:39:17 12.14   0.07   0.03   2.790  6.92   151.4  13.2  10.76
02/07/20 01:39:16 12.14   0.07   0.03   2.791  6.93   151.2  13.2  10.76
02/07/20 01:39:18 12.14   0.08   0.03   2.809  6.92   151.4  13.1  10.77
02/07/20 01:39:19 12.14   0.08   0.03   2.841  6.93   151.2  13.0  10.77
02/07/20 01:39:20 12.14   0.08   0.03   2.885  6.93   150.7  12.9  10.77
02/07/20 01:39:21 12.14   0.07   0.03   2.914  6.92   150.1  12.7  10.76
02/07/20 01:39:22 12.13   0.08   0.03   2.958  6.92   149.3  12.5  10.76
02/07/20 01:39:23 12.14   0.08   0.03   2.985  6.92   148.4  12.2  10.78
02/07/20 01:39:24 12.14   0.08   0.04   3.008  6.92   147.5  12.0  10.79
02/07/20 01:39:27 12.14   0.08   0.04   3.027  6.92   144.5  11.4  10.80
02/07/20 01:39:26 12.14   0.08   0.04   3.028  6.92   145.5  11.6  10.79
02/07/20 01:39:25 12.14   0.08   0.04   3.030  6.92   146.5  11.8  10.79
02/07/20 01:39:28 12.14   0.08   0.03   3.040  6.92   143.6  11.3  10.80
02/07/20 01:39:29 12.14   0.08   0.03   3.070  6.92   142.8  11.2  10.80
02/07/20 01:39:30 12.14   0.08   0.04   3.073  6.92   142.1  11.2  10.77
02/07/20 01:39:31 12.15   0.08   0.04   3.095  6.92   141.5  11.3  10.77
02/07/20 01:39:32 12.15   0.08   0.04   3.130  6.92   141.1  11.3  10.76
02/07/20 01:39:33 12.15   0.08   0.04   3.152  6.92   140.8  11.4  10.77
02/07/20 01:39:34 12.16   0.08   0.04   3.186  6.92   140.6  11.5  10.78
02/07/20 01:39:35 12.16   0.08   0.04   3.221  6.92   140.5  11.7  10.78
02/07/20 01:39:36 12.16   0.08   0.04   3.229  6.92   140.5  11.8  10.80
02/07/20 01:39:37 12.16   0.08   0.04   3.248  6.92   140.6  11.9  10.79
02/07/20 01:39:38 12.16   0.08   0.04   3.267  6.92   140.9  12.0  10.81
02/07/20 01:39:39 12.16   0.08   0.04   3.296  6.92   141.1  12.0  10.81
02/07/20 01:39:40 12.17   0.08   0.04   3.326  6.92   141.4  12.1  10.79
02/07/20 01:39:41 12.17   0.08   0.04   3.328  6.92   141.8  12.2  10.80
02/07/20 01:39:42 12.17   0.08   0.04   3.335  6.92   142.1  12.2  10.80
02/07/20 01:39:43 12.17   0.08   0.04   3.346  6.93   142.4  12.3  10.80
02/07/20 01:39:44 12.17   0.08   0.04   3.374  6.92   142.6  12.4  10.80
02/07/20 01:39:45 12.17   0.08   0.04   3.391  6.92   142.8  12.5  10.80
02/07/20 01:39:46 12.16   0.08   0.04   3.419  6.92   142.9  12.6  10.80
02/07/20 01:39:47 12.16   0.08   0.04   3.452  6.92   142.9  12.7  10.80
02/07/20 01:39:48 12.16   0.08   0.04   3.473  6.92   142.8  12.9  10.81
02/07/20 01:39:49 12.16   0.08   0.04   3.508  6.92   142.5  13.0  10.80
02/07/20 01:39:50 12.15   0.08   0.04   3.532  6.92   142.2  13.1  10.81
02/07/20 01:39:51 12.15   0.08   0.04   3.546  6.92   141.7  13.2  10.79
02/07/20 01:39:52 12.16   0.08   0.04   3.575  6.92   141.2  13.3  10.78
02/07/20 01:39:53 12.16   0.08   0.04   3.600  6.92   140.6  13.4  10.77
02/07/20 01:39:54 12.16   0.08   0.04   3.625  6.92   139.9  13.4  10.77
02/07/20 01:39:55 12.16   0.08   0.04   3.645  6.92   139.2  13.3  10.79
02/07/20 01:39:56 12.17   0.08   0.04   3.658  6.92   138.4  13.3  10.78
02/07/20 01:39:57 12.17   0.08   0.04   3.665  6.92   137.7  13.2  10.78
02/07/20 01:39:58 12.17   0.08   0.04   3.690  6.92   137.1  13.0  10.79
02/07/20 01:39:59 12.17   0.08   0.04   3.692  6.92   136.5  12.8  10.79
02/07/20 01:40:00 12.17   0.08   0.04   3.707  6.92   136.0  12.6  10.79
02/07/20 01:40:01 12.17   0.08   0.04   3.739  6.92   135.6  12.4  10.79
02/07/20 01:40:02 12.17   0.08   0.04   3.754  6.92   135.3  12.1  10.78
02/07/20 01:40:03 12.17   0.08   0.04   3.785  6.92   135.2  11.8  10.78
02/07/20 01:40:04 12.17   0.08   0.04   3.812  6.92   135.3  11.5  10.77
02/07/20 01:40:05 12.17   0.08   0.04   3.825  6.92   135.6  11.3  10.77
02/07/20 01:40:06 12.18   0.08   0.04   3.853  6.92   136.1  11.0  10.77
02/07/20 01:40:07 12.18   0.08   0.04   3.878  6.92   136.8  10.7  10.77
02/07/20 01:40:08 12.18   0.08   0.04   3.904  6.93   137.7  10.5  10.77
02/07/20 01:40:09 12.18   0.08   0.04   3.927  6.92   138.8  10.3  10.75
02/07/20 01:40:10 12.18   0.08   0.04   3.943  6.93   140.0  10.2  10.75
02/07/20 01:40:11 12.18   0.08   0.04   3.967  6.93   141.4  10.1  10.74
02/07/20 01:40:12 12.18   0.08   0.04   3.992  6.93   142.9  10.1  10.74
02/07/20 01:40:13 12.18   0.08   0.04   4.005  6.92   144.5  10.1  10.75
02/07/20 01:40:20 12.15   0.08   0.03   4.019  6.93   153.4  12.2  10.74
02/07/20 01:40:14 12.18   0.08   0.04   4.027  6.93   146.1  10.2  10.75
02/07/20 01:40:21 12.15   0.08   0.04   4.030  6.92   153.8  12.7  10.73
02/07/20 01:40:15 12.18   0.08   0.04   4.034  6.94   147.7  10.4  10.74
02/07/20 01:40:17 12.17   0.08   0.04   4.041  6.93   150.5  11.0  10.74
02/07/20 01:40:16 12.17   0.08   0.04   4.042  6.94   149.2  10.7  10.74
02/07/20 01:40:19 12.15   0.08   0.03   4.050  6.93   152.7  11.8  10.74
02/07/20 01:40:22 12.15   0.08   0.04   4.050  6.93   154.0  13.2  10.71
02/07/20 01:40:18 12.16   0.08   0.04   4.052  6.93   151.7  11.3  10.75
02/07/20 01:40:23 12.15   0.08   0.04   4.052  6.93   153.8  13.6  10.70
02/07/20 01:40:25 12.15   0.08   0.03   4.054  6.93   152.5  14.4  10.70
02/07/20 01:40:24 12.15   0.08   0.04   4.055  6.93   153.3  14.0  10.70
02/07/20 01:40:26 12.15   0.07   0.03   4.090  6.92   151.3  14.7  10.70
02/07/20 01:40:27 12.14   0.07   0.03   4.109  6.92   149.9  14.9  10.71
02/07/20 01:40:28 12.14   0.07   0.03   4.122  6.92   148.2  15.0  10.71
02/07/20 01:40:30 12.14   0.08   0.03   4.138  6.92   144.4  14.8  10.73
02/07/20 01:40:29 12.14   0.07   0.03   4.139  6.92   146.4  14.9  10.72
02/07/20 01:40:31 12.15   0.08   0.03   4.170  6.91   142.4  14.6  10.74
02/07/20 01:40:33 12.15   0.08   0.04   4.183  6.91   138.7  13.8  10.74
02/07/20 01:40:32 12.15   0.08   0.04   4.184  6.91   140.5  14.2  10.74
02/07/20 01:40:34 12.16   0.08   0.04   4.217  6.91   137.2  13.3  10.74
02/07/20 01:40:35 12.17   0.08   0.04   4.235  6.91   136.1  12.8  10.74
02/07/20 01:40:36 12.17   0.08   0.04   4.261  6.91   135.4  12.3  10.73
02/07/20 01:40:37 12.17   0.08   0.04   4.283  6.91   135.2  11.9  10.73
02/07/20 01:40:38 12.18   0.08   0.04   4.335  6.91   135.5  11.5  10.72
02/07/20 01:40:41 12.19   0.08   0.04   4.357  6.92   139.4  10.8  10.72
02/07/20 01:40:39 12.19   0.08   0.04   4.360  6.92   136.4  11.2  10.71
02/07/20 01:40:40 12.19   0.08   0.04   4.364  6.92   137.7  10.9  10.70
02/07/20 01:40:42 12.18   0.08   0.04   4.368  6.93   141.5  10.8  10.74
02/07/20 01:40:43 12.18   0.08   0.04   4.382  6.92   143.8  10.8  10.74
02/07/20 01:40:44 12.17   0.08   0.04   4.397  6.92   146.2  11.0  10.75
02/07/20 01:40:45 12.17   0.08   0.04   4.401  6.93   148.6  11.2  10.74
02/07/20 01:40:46 12.17   0.08   0.04   4.421  6.93   150.8  11.4  10.74
02/07/20 01:40:47 12.16   0.08   0.03   4.429  6.93   152.8  11.7  10.74
02/07/20 01:40:48 12.16   0.07   0.03   4.447  6.93   154.4  11.9  10.73
02/07/20 01:40:49 12.15   0.07   0.03   4.485  6.92   155.6  12.2  10.73
02/07/20 01:40:50 12.14   0.07   0.03   4.526  6.92   156.2  12.4  10.74
02/07/20 01:40:51 12.14   0.08   0.03   4.539  6.92   156.4  12.5  10.73
02/07/20 01:40:52 12.14   0.08   0.03   4.579  6.92   156.0  12.6  10.72
02/07/20 01:40:53 12.14   0.08   0.03   4.608  6.92   155.2  12.6  10.71
02/07/20 01:40:54 12.14   0.08   0.03   4.624  6.92   153.9  12.6  10.71
02/07/20 01:40:55 12.14   0.08   0.03   4.626  6.91   152.4  12.5  10.72
02/07/20 01:40:58 12.14   0.08   0.03   4.640  6.91   147.0  12.3  10.73
02/07/20 01:40:57 12.14   0.08   0.03   4.645  6.91   148.8  12.4  10.73
02/07/20 01:40:56 12.14   0.08   0.03   4.650  6.91   150.6  12.5  10.73
02/07/20 01:40:59 12.14   0.08   0.03   4.666  6.91   145.5  12.2  10.74
02/07/20 01:41:00 12.14   0.08   0.03   4.672  6.91   144.3  12.1  10.74
02/07/20 01:41:01 12.14   0.08   0.04   4.677  6.91   143.5  12.1  10.73
02/07/20 01:41:02 12.14   0.08   0.04   4.699  6.91   143.4  12.1  10.73
02/07/20 01:41:03 12.14   0.08   0.04   4.726  6.91   143.9  12.1  10.73
02/07/20 01:41:04 12.15   0.08   0.04   4.748  6.91   145.0  12.2  10.73
02/07/20 01:41:05 12.15   0.08   0.04   4.770  6.91   146.9  12.3  10.72
02/07/20 01:41:06 12.15   0.08   0.04   4.795  6.91   149.4  12.4  10.74
02/07/20 01:41:12 12.16   0.08   0.04   4.796  6.93   171.7  13.6  10.72
02/07/20 01:41:13 12.16   0.07   0.03   4.804  6.92   175.3  13.7  10.72
02/07/20 01:41:07 12.15   0.08   0.04   4.806  6.92   152.4  12.6  10.73
02/07/20 01:41:09 12.14   0.08   0.03   4.808  6.91   159.8  13.0  10.74
02/07/20 01:41:08 12.15   0.08   0.03   4.816  6.92   156.0  12.8  10.74
02/07/20 01:41:14 12.15   0.07   0.03   4.820  6.92   178.6  13.7  10.74
02/07/20 01:41:15 12.15   0.07   0.03   4.822  6.92   181.5  13.7  10.74
02/07/20 01:41:16 12.15   0.07   0.03   4.825  6.92   184.0  13.6  10.75
02/07/20 01:41:11 12.16   0.08   0.03   4.827  6.91   167.8  13.4  10.73
02/07/20 01:41:10 12.15   0.07   0.03   4.835  6.91   163.8  13.2  10.73
02/07/20 01:41:17 12.14   0.07   0.03   4.851  6.92   186.1  13.5  10.75
02/07/20 01:41:18 12.14   0.07   0.03   4.876  6.91   187.8  13.3  10.75
02/07/20 01:41:19 12.14   0.07   0.03   4.907  6.91   189.4  13.1  10.74
02/07/20 01:41:20 12.14   0.07   0.03   4.912  6.91   190.9  12.9  10.75
02/07/20 01:41:23 12.14   0.07   0.03   4.929  6.90   195.4  12.5  10.75
02/07/20 01:41:21 12.14   0.07   0.03   4.932  6.90   192.3  12.7  10.76
02/07/20 01:41:22 12.14   0.07   0.03   4.935  6.91   193.8  12.6  10.76
02/07/20 01:41:24 12.14   0.07   0.03   4.937  6.90   197.0  12.5  10.76
02/07/20 01:41:25 12.14   0.07   0.03   4.965  6.91   198.6  12.5  10.77
02/07/20 01:41:27 12.14   0.07   0.03   4.978  6.91   201.5  12.8  10.77
02/07/20 01:41:26 12.14   0.07   0.03   4.980  6.91   200.2  12.6  10.77
02/07/20 01:41:29 12.13   0.07   0.03   4.980  6.91   203.0  13.1  10.77
02/07/20 01:41:28 12.14   0.07   0.03   4.987  6.91   202.5  12.9  10.77
02/07/20 01:41:30 12.13   0.07   0.03   4.991  6.91   203.0  13.3  10.77
02/07/20 01:41:31 12.13   0.07   0.03   5.005  6.90   202.3  13.5  10.77
02/07/20 01:41:32 12.13   0.07   0.03   5.020  6.90   201.1  13.7  10.77
02/07/20 01:41:33 12.13   0.07   0.03   5.034  6.90   199.3  13.8  10.78
02/07/20 01:41:34 12.13   0.07   0.03   5.053  6.90   197.1  13.8  10.77
02/07/20 01:41:35 12.13   0.07   0.03   5.072  6.89   194.6  13.8  10.76
02/07/20 01:41:36 12.13   0.07   0.03   5.109  6.90   192.0  13.8  10.77
02/07/20 01:41:37 12.13   0.07   0.03   5.145  6.89   189.6  13.8  10.79
02/07/20 01:41:38 12.13   0.07   0.03   5.183  6.89   187.5  13.7  10.77
02/07/20 01:41:39 12.13   0.07   0.03   5.213  6.89   185.9  13.6  10.78
02/07/20 01:41:40 12.14   0.07   0.03   5.234  6.89   184.8  13.6  10.77
02/07/20 01:41:41 12.14   0.07   0.03   5.277  6.88   184.3  13.6  10.77
02/07/20 01:41:42 12.14   0.07   0.03   5.315  6.89   184.4  13.6  10.75
02/07/20 01:41:43 12.14   0.07   0.03   5.349  6.88   185.0  13.6  10.76
02/07/20 01:41:44 12.15   0.07   0.03   5.395  6.89   186.0  13.7  10.75
02/07/20 01:41:45 12.15   0.08   0.03   5.414  6.89   187.2  13.8  10.75
02/07/20 01:41:47 12.14   0.07   0.03   5.417  6.90   189.8  14.1  10.78
02/07/20 01:41:46 12.15   0.07   0.03   5.423  6.89   188.6  13.9  10.76
02/07/20 01:41:48 12.13   0.07   0.03   5.428  6.89   190.9  14.2  10.78
02/07/20 01:41:57 12.13   0.07   0.03   5.428  6.89   192.1  14.0  10.78
02/07/20 01:41:56 12.13   0.07   0.03   5.443  6.89   191.8  14.2  10.80
02/07/20 01:41:58 12.13   0.07   0.03   5.446  6.89   192.6  13.9  10.79
02/07/20 01:41:55 12.13   0.07   0.03   5.452  6.89   191.8  14.3  10.79
02/07/20 01:41:49 12.13   0.07   0.03   5.460  6.89   191.6  14.3  10.79
02/07/20 01:42:00 12.12   0.07   0.03   5.464  6.89   194.6  13.8  10.81
02/07/20 01:41:59 12.13   0.07   0.03   5.466  6.89   193.5  13.9  10.80
02/07/20 01:42:03 12.12   0.07   0.03   5.468  6.89   199.7  13.9  10.80
02/07/20 01:41:54 12.13   0.07   0.03   5.469  6.89   192.0  14.4  10.78
02/07/20 01:42:04 12.12   0.07   0.03   5.471  6.89   201.8  14.0  10.79
02/07/20 01:41:51 12.13   0.07   0.03   5.472  6.89   192.3  14.5  10.78
02/07/20 01:41:53 12.13   0.07   0.03   5.475  6.89   192.2  14.4  10.78
02/07/20 01:42:05 12.12   0.07   0.03   5.475  6.88   203.9  14.2  10.78
02/07/20 01:41:50 12.13   0.07   0.03   5.476  6.89   192.1  14.4  10.77
02/07/20 01:42:06 12.12   0.07   0.03   5.485  6.88   206.0  14.4  10.78
02/07/20 01:41:52 12.13   0.07   0.03   5.488  6.89   192.3  14.5  10.78
02/07/20 01:42:07 12.11   0.07   0.03   5.488  6.88   208.0  14.5  10.77
02/07/20 01:42:01 12.12   0.07   0.03   5.496  6.89   196.1  13.8  10.81
02/07/20 01:42:02 12.12   0.07   0.03   5.497  6.89   197.8  13.8  10.81
02/07/20 01:42:08 12.11   0.07   0.03   5.511  6.88   209.9  14.7  10.77
02/07/20 01:42:09 12.11   0.07   0.03   5.549  6.88   211.5  14.8  10.78
02/07/20 01:42:10 12.11   0.07   0.03   5.585  6.88   212.8  14.9  10.78
02/07/20 01:42:11 12.11   0.07   0.03   5.590  6.88   213.8  15.0  10.77
02/07/20 01:42:12 12.11   0.07   0.03   5.595  6.88   214.5  15.1  10.77
02/07/20 01:42:13 12.11   0.07   0.03   5.598  6.88   214.7  15.0  10.77
02/07/20 01:42:14 12.11   0.07   0.03   5.601  6.88   214.5  15.0  10.77
02/07/20 01:42:15 12.11   0.07   0.03   5.631  6.87   214.0  14.9  10.76
02/07/20 01:42:16 12.11   0.07   0.03   5.653  6.88   213.1  14.8  10.76
02/07/20 01:42:17 12.11   0.07   0.03   5.675  6.88   212.0  14.6  10.76
02/07/20 01:42:18 12.11   0.07   0.03   5.681  6.88   210.6  14.5  10.76
02/07/20 01:42:20 12.11   0.07   0.03   5.692  6.88   207.8  14.1  10.76
02/07/20 01:42:19 12.11   0.07   0.03   5.695  6.88   209.2  14.3  10.76
02/07/20 01:42:21 12.11   0.07   0.03   5.696  6.88   206.5  14.0  10.77
02/07/20 01:42:23 12.11   0.07   0.03   5.701  6.87   204.7  13.7  10.74
02/07/20 01:42:22 12.11   0.07   0.03   5.703  6.87   205.4  13.8  10.76
02/07/20 01:42:24 12.11   0.07   0.03   5.728  6.87   204.4  13.6  10.75
02/07/20 01:42:25 12.11   0.07   0.03   5.752  6.87   204.6  13.5  10.74
02/07/20 01:42:26 12.12   0.07   0.03   5.786  6.87   205.4  13.4  10.75
02/07/20 01:42:27 12.12   0.07   0.03   5.823  6.87   206.7  13.3  10.75
02/07/20 01:42:28 12.12   0.07   0.03   5.848  6.87   208.4  13.3  10.74
02/07/20 01:42:29 12.12   0.07   0.03   5.871  6.88   210.4  13.3  10.74
02/07/20 01:42:30 12.11   0.07   0.03   5.894  6.87   212.7  13.2  10.75
02/07/20 01:42:31 12.11   0.07   0.03   5.902  6.87   214.9  13.2  10.74
02/07/20 01:42:32 12.11   0.07   0.03   5.922  6.87   216.9  13.2  10.75
02/07/20 01:42:33 12.11   0.07   0.03   5.932  6.87   218.5  13.2  10.75
02/07/20 01:42:34 12.11   0.07   0.03   5.986  6.87   219.7  13.1  10.76
02/07/20 01:42:35 12.11   0.07   0.03   6.028  6.87   220.2  13.1  10.75
02/07/20 01:42:36 12.10   0.07   0.03   6.059  6.88   220.1  13.1  10.75
02/07/20 01:42:39 12.09   0.07   0.03   6.065  6.86   216.5  13.3  10.76
02/07/20 01:42:38 12.10   0.07   0.03   6.067  6.87   218.2  13.2  10.77
02/07/20 01:42:37 12.10   0.07   0.03   6.074  6.87   219.4  13.2  10.76
02/07/20 01:42:40 12.10   0.07   0.03   6.089  6.86   214.6  13.4  10.76
02/07/20 01:42:41 12.10   0.07   0.03   6.110  6.86   212.7  13.5  10.76
02/07/20 01:42:42 12.11   0.07   0.03   6.120  6.86   210.9  13.7  10.76
02/07/20 01:42:43 12.11   0.07   0.03   6.143  6.86   209.4  14.0  10.75
02/07/20 01:42:44 12.12   0.07   0.03   6.202  6.86   208.5  14.2  10.75
02/07/20 01:42:45 12.11   0.07   0.03   6.243  6.86   208.1  14.5  10.76
02/07/20 01:42:46 12.11   0.07   0.03   6.278  6.86   208.4  14.8  10.77
02/07/20 01:42:47 12.11   0.07   0.03   6.290  6.87   209.4  15.1  10.77
02/07/20 01:42:50 12.10   0.07   0.03   6.294  6.87   216.4  15.8  10.77
02/07/20 01:42:51 12.10   0.07   0.03   6.299  6.87   219.9  15.9  10.77
02/07/20 01:42:52 12.09   0.07   0.03   6.308  6.87   223.9  16.0  10.77
02/07/20 01:42:48 12.11   0.07   0.03   6.311  6.87   211.1  15.3  10.77
02/07/20 01:42:53 12.09   0.07   0.03   6.324  6.87   228.5  16.0  10.77
02/07/20 01:42:49 12.11   0.07   0.03   6.336  6.87   213.4  15.6  10.77
02/07/20 01:42:54 12.09   0.07   0.03   6.340  6.87   233.5  16.0  10.78
02/07/20 01:42:55 12.08   0.07   0.03   6.356  6.86   239.1  15.9  10.78
02/07/20 01:42:56 12.08   0.07   0.03   6.389  6.86   245.0  15.9  10.77
02/07/20 01:42:57 12.09   0.07   0.03   6.414  6.86   251.3  15.8  10.77
02/07/20 01:42:58 12.09   0.07   0.03   6.454  6.86   257.9  15.7  10.77
02/07/20 01:42:59 12.09   0.07   0.03   6.460  6.87   264.5  15.6  10.77
02/07/20 01:43:01 12.08   0.07   0.03   6.465  6.86   277.1  15.4  10.77
02/07/20 01:43:02 12.08   0.07   0.03   6.468  6.86   282.5  15.4  10.78
02/07/20 01:43:00 12.08   0.07   0.03   6.472  6.86   271.0  15.5  10.77
02/07/20 01:43:03 12.08   0.07   0.03   6.508  6.86   286.9  15.4  10.77
02/07/20 01:43:04 12.08   0.07   0.03   6.543  6.86   290.2  15.4  10.77
02/07/20 01:43:05 12.08   0.07   0.03   6.559  6.86   292.0  15.4  10.77
02/07/20 01:43:06 12.07   0.07   0.03   6.593  6.86   292.2  15.4  10.78
02/07/20 01:43:07 12.07   0.07   0.03   6.616  6.86   290.7  15.5  10.78
02/07/20 01:43:08 12.06   0.07   0.03   6.644  6.86   287.5  15.5  10.79
02/07/20 01:43:09 12.06   0.06   0.03   6.665  6.86   282.8  15.4  10.78
02/07/20 01:43:14 12.08   0.07   0.03   6.672  6.84   245.8  14.9  10.78
02/07/20 01:43:10 12.05   0.06   0.03   6.680  6.85   276.8  15.4  10.79
02/07/20 01:43:13 12.07   0.07   0.03   6.680  6.84   253.8  15.1  10.78
02/07/20 01:43:15 12.09   0.07   0.03   6.680  6.84   238.3  14.8  10.77
02/07/20 01:43:17 12.10   0.07   0.03   6.690  6.84   226.0  14.4  10.77
02/07/20 01:43:11 12.05   0.06   0.03   6.691  6.84   269.7  15.3  10.79
02/07/20 01:43:12 12.06   0.07   0.03   6.691  6.85   261.9  15.2  10.79
02/07/20 01:43:16 12.10   0.07   0.03   6.692  6.84   231.7  14.6  10.77
02/07/20 01:43:18 12.10   0.07   0.03   6.698  6.85   221.6  14.3  10.78
02/07/20 01:43:19 12.09   0.07   0.03   6.711  6.84   218.3  14.1  10.77
02/07/20 01:43:20 12.09   0.07   0.03   6.730  6.84   216.1  14.0  10.77
02/07/20 01:43:21 12.09   0.07   0.03   6.744  6.85   214.8  13.8  10.78
02/07/20 01:43:22 12.09   0.07   0.03   6.756  6.85   214.2  13.7  10.78
02/07/20 01:43:23 12.08   0.07   0.03   6.766  6.85   214.0  13.6  10.78
02/07/20 01:43:24 12.08   0.07   0.03   6.808  6.84   213.9  13.5  10.77
02/07/20 01:43:25 12.08   0.07   0.03   6.845  6.84   213.6  13.3  10.78
02/07/20 01:43:26 12.09   0.07   0.03   6.876  6.85   212.9  13.2  10.78
02/07/20 01:43:27 12.09   0.07   0.03   6.915  6.84   211.6  13.0  10.78
02/07/20 01:43:28 12.09   0.07   0.03   6.950  6.84   209.6  12.8  10.78
02/07/20 01:43:29 12.10   0.07   0.03   6.983  6.84   207.0  12.6  10.78
02/07/20 01:43:30 12.10   0.07   0.03   7.007  6.84   203.7  12.4  10.77
02/07/20 01:43:31 12.10   0.07   0.03   7.044  6.84   200.0  12.1  10.78
02/07/20 01:43:32 12.11   0.07   0.03   7.073  6.84   195.9  11.9  10.77
02/07/20 01:43:33 12.12   0.07   0.03   7.104  6.84   191.7  11.6  10.78
02/07/20 01:43:34 12.12   0.07   0.03   7.130  6.84   187.4  11.3  10.79
02/07/20 01:43:35 12.12   0.07   0.03   7.151  6.84   183.3  11.1  10.80

Profile Time: 01:36:23
Profile Date: 02/07/2020
Profile Location: jlhaw Serial no: : 0001C33F, ID: : Lucky
Sonde data Status: Unfiltered, VisualCheck
Data Status: , PostCal
02/07/20 02:51:27 12.10   0.07   0.03   0.060  6.99   163.3  13.3  10.80
02/07/20 02:51:31 12.10   0.07   0.03   0.060  6.98   164.4  12.5  10.81
02/07/20 02:51:21 12.11   0.07   0.03   0.061  7.00   156.4  20.0  10.81
02/07/20 02:51:22 12.10   0.07   0.03   0.061  7.00   158.0  18.6  10.81
02/07/20 02:51:23 12.10   0.07   0.03   0.061  7.00   159.5  17.2  10.81
02/07/20 02:51:24 12.10   0.07   0.03   0.061  6.99   160.8  15.9  10.80
02/07/20 02:51:25 12.10   0.07   0.03   0.061  6.99   161.9  14.8  10.80
02/07/20 02:51:26 12.10   0.07   0.03   0.061  6.99   162.7  13.9  10.80
02/07/20 02:51:28 12.10   0.07   0.03   0.061  6.99   163.8  12.8  10.81
02/07/20 02:51:29 12.10   0.07   0.03   0.061  6.99   164.0  12.5  10.82
02/07/20 02:51:30 12.10   0.07   0.03   0.061  6.98   164.2  12.4  10.81
02/07/20 02:51:32 12.10   0.07   0.03   0.061  6.98   164.6  12.6  10.81
02/07/20 02:51:34 12.10   0.07   0.03   0.062  6.98   165.4  12.9  10.80
02/07/20 02:51:35 12.10   0.07   0.03   0.062  6.97   165.9  13.1  10.81
02/07/20 02:51:33 12.10   0.07   0.03   0.063  6.98   165.0  12.8  10.82
02/07/20 02:51:36 12.10   0.07   0.03   0.065  6.97   166.6  13.2  10.80
02/07/20 02:51:37 12.09   0.07   0.03   0.077  6.97   167.3  13.3  10.80
02/07/20 02:51:38 12.09   0.07   0.03   0.088  6.97   168.1  13.3  10.80
02/07/20 02:51:39 12.09   0.07   0.03   0.101  6.97   168.7  13.2  10.80
02/07/20 02:51:40 12.09   0.07   0.03   0.109  6.97   169.3  13.0  10.81
02/07/20 02:51:41 12.09   0.07   0.03   0.120  6.97   169.7  12.8  10.81
02/07/20 02:51:42 12.09   0.07   0.03   0.131  6.97   169.9  12.6  10.80
02/07/20 02:51:43 12.09   0.07   0.03   0.139  6.96   169.8  12.4  10.81
02/07/20 02:51:44 12.09   0.07   0.03   0.149  6.96   169.4  12.1  10.81
02/07/20 02:51:45 12.09   0.07   0.03   0.172  6.95   168.8  12.0  10.81
02/07/20 02:51:46 12.09   0.07   0.03   0.175  6.95   168.0  11.8  10.83
02/07/20 02:51:48 12.10   0.07   0.03   0.272  6.94   165.7  11.7  10.83
02/07/20 02:51:49 12.10   0.07   0.03   0.285  6.93   164.4  11.7  10.82
02/07/20 02:51:47 12.10   0.07   0.03   0.290  6.94   166.9  11.7  10.83
02/07/20 02:51:50 12.10   0.07   0.03   0.298  6.92   163.2  11.7  10.81
02/07/20 02:51:51 12.10   0.07   0.03   0.310  6.91   162.1  11.8  10.81
02/07/20 02:51:52 12.10   0.07   0.03   0.328  6.91   161.1  11.9  10.80
02/07/20 02:51:53 12.11   0.07   0.03   0.347  6.90   160.3  12.0  10.79
02/07/20 02:51:54 12.11   0.07   0.03   0.363  6.90   159.8  12.1  10.79
02/07/20 02:51:55 12.11   0.07   0.03   0.371  6.89   159.6  12.2  10.79
02/07/20 02:51:56 12.11   0.07   0.03   0.375  6.89   159.6  12.2  10.79
02/07/20 02:51:57 12.11   0.07   0.03   0.385  6.88   159.8  12.3  10.80
02/07/20 02:51:58 12.11   0.07   0.03   0.402  6.88   160.3  12.2  10.80
02/07/20 02:51:59 12.12   0.07   0.03   0.418  6.88   160.8  12.1  10.81
02/07/20 02:52:00 12.12   0.07   0.03   0.480  6.88   161.4  12.0  10.80
02/07/20 02:52:01 12.12   0.07   0.03   0.490  6.87   161.9  11.8  10.80
02/07/20 02:52:02 12.12   0.07   0.03   0.502  6.87   162.4  11.7  10.79
02/07/20 02:52:03 12.12   0.07   0.03   0.523  6.87   162.7  11.5  10.79
02/07/20 02:52:04 12.12   0.07   0.03   0.538  6.87   162.7  11.3  10.80
02/07/20 02:52:05 12.12   0.07   0.03   0.555  6.87   162.6  11.2  10.81
02/07/20 02:52:06 12.12   0.07   0.03   0.576  6.87   162.2  11.1  10.81
02/07/20 02:52:07 12.11   0.07   0.03   0.598  6.87   161.5  11.0  10.81
02/07/20 02:52:08 12.12   0.07   0.03   0.613  6.87   160.8  11.0  10.82
02/07/20 02:52:09 12.11   0.07   0.03   0.630  6.86   159.8  11.1  10.82
02/07/20 02:52:10 12.12   0.07   0.03   0.653  6.86   158.8  11.2  10.82
02/07/20 02:52:11 12.12   0.07   0.03   0.667  6.87   157.8  11.4  10.81
02/07/20 02:52:12 12.13   0.07   0.03   0.685  6.86   156.8  11.6  10.81
02/07/20 02:52:13 12.13   0.07   0.03   0.702  6.86   155.9  11.9  10.80
02/07/20 02:52:14 12.13   0.07   0.03   0.723  6.87   155.1  12.2  10.81
02/07/20 02:52:15 12.13   0.07   0.03   0.737  6.87   154.4  12.5  10.80
02/07/20 02:52:16 12.12   0.07   0.03   0.758  6.87   153.9  12.9  10.81
02/07/20 02:52:17 12.13   0.07   0.03   0.779  6.87   153.5  13.2  10.82
02/07/20 02:52:18 12.13   0.07   0.03   0.788  6.87   153.3  13.6  10.82
02/07/20 02:52:19 12.13   0.07   0.03   0.801  6.87   153.1  13.9  10.82
02/07/20 02:52:20 12.13   0.07   0.03   0.837  6.87   153.1  14.1  10.82
02/07/20 02:52:21 12.14   0.07   0.03   0.856  6.87   153.1  14.3  10.81
02/07/20 02:52:22 12.14   0.07   0.03   0.883  6.87   153.2  14.5  10.82
02/07/20 02:52:23 12.14   0.07   0.03   0.901  6.87   153.2  14.5  10.80
02/07/20 02:52:24 12.14   0.07   0.03   0.910  6.87   153.2  14.5  10.80
02/07/20 02:52:25 12.15   0.07   0.03   0.929  6.87   153.2  14.4  10.80
02/07/20 02:52:26 12.15   0.07   0.03   0.941  6.87   153.1  14.3  10.81
02/07/20 02:52:27 12.14   0.07   0.03   0.966  6.87   152.9  14.0  10.81
02/07/20 02:52:28 12.14   0.07   0.03   0.984  6.87   152.7  13.8  10.81
02/07/20 02:52:29 12.15   0.07   0.03   0.993  6.87   152.4  13.5  10.80
02/07/20 02:52:30 12.15   0.07   0.03   1.004  6.87   152.1  13.1  10.81
02/07/20 02:52:31 12.15   0.07   0.03   1.037  6.87   151.7  12.8  10.81
02/07/20 02:52:32 12.15   0.07   0.03   1.046  6.87   151.3  12.5  10.81
02/07/20 02:52:33 12.15   0.07   0.03   1.075  6.87   150.8  12.2  10.81
02/07/20 02:52:34 12.14   0.07   0.03   1.081  6.87   150.4  12.0  10.81
02/07/20 02:52:35 12.15   0.07   0.03   1.105  6.87   150.0  11.8  10.79
02/07/20 02:52:36 12.15   0.07   0.03   1.127  6.87   149.7  11.7  10.79
02/07/20 02:52:37 12.15   0.07   0.03   1.143  6.87   149.5  11.7  10.78
02/07/20 02:52:38 12.15   0.07   0.03   1.164  6.87   149.4  11.6  10.78
02/07/20 02:52:39 12.15   0.07   0.03   1.176  6.87   149.5  11.7  10.78
02/07/20 02:52:40 12.15   0.07   0.03   1.196  6.87   149.7  11.7  10.78
02/07/20 02:52:41 12.15   0.07   0.03   1.209  6.87   150.1  11.8  10.78
02/07/20 02:52:42 12.15   0.07   0.03   1.232  6.87   150.7  11.8  10.78
02/07/20 02:52:43 12.15   0.07   0.03   1.242  6.87   151.4  11.9  10.78
02/07/20 02:52:44 12.15   0.07   0.03   1.259  6.87   152.3  12.0  10.79
02/07/20 02:52:45 12.15   0.07   0.03   1.264  6.87   153.3  12.0  10.79
02/07/20 02:52:46 12.15   0.07   0.03   1.310  6.87   154.4  12.0  10.79
02/07/20 02:52:47 12.14   0.07   0.03   1.329  6.86   155.6  12.0  10.80
02/07/20 02:52:48 12.14   0.07   0.03   1.333  6.86   156.7  12.0  10.81
02/07/20 02:52:49 12.14   0.07   0.03   1.353  6.86   157.9  11.9  10.81
02/07/20 02:52:50 12.14   0.07   0.03   1.368  6.86   159.0  11.8  10.81
02/07/20 02:52:51 12.14   0.07   0.03   1.381  6.86   159.9  11.7  10.81
02/07/20 02:52:52 12.14   0.07   0.03   1.387  6.86   160.7  11.6  10.81
02/07/20 02:52:53 12.13   0.07   0.03   1.403  6.86   161.3  11.5  10.79
02/07/20 02:52:54 12.13   0.07   0.03   1.415  6.86   161.7  11.4  10.79
02/07/20 02:52:55 12.13   0.07   0.03   1.434  6.86   161.9  11.4  10.80
02/07/20 02:52:56 12.13   0.07   0.03   1.451  6.86   161.8  11.3  10.81
02/07/20 02:52:57 12.13   0.07   0.03   1.461  6.86   161.5  11.3  10.80
02/07/20 02:52:58 12.13   0.07   0.03   1.475  6.86   161.1  11.3  10.80
02/07/20 02:52:59 12.13   0.07   0.03   1.488  6.86   160.5  11.4  10.81
02/07/20 02:53:00 12.13   0.07   0.03   1.494  6.86   159.7  11.5  10.81
02/07/20 02:53:01 12.14   0.07   0.03   1.515  6.86   158.8  11.6  10.80
02/07/20 02:53:02 12.14   0.07   0.03   1.518  6.86   157.8  11.8  10.82
02/07/20 02:53:03 12.14   0.07   0.03   1.556  6.85   156.7  12.0  10.82
02/07/20 02:53:04 12.14   0.07   0.03   1.559  6.85   155.6  12.2  10.82
02/07/20 02:53:05 12.14   0.07   0.03   1.594  6.85   154.5  12.4  10.82
02/07/20 02:53:07 12.15   0.07   0.03   1.616  6.85   152.5  12.8  10.81
02/07/20 02:53:06 12.15   0.07   0.03   1.618  6.85   153.5  12.6  10.81
02/07/20 02:53:08 12.15   0.07   0.03   1.641  6.85   151.6  13.0  10.82
02/07/20 02:53:09 12.15   0.07   0.03   1.651  6.85   150.9  13.2  10.82
02/07/20 02:53:10 12.16   0.07   0.03   1.662  6.85   150.3  13.4  10.82
02/07/20 02:53:11 12.16   0.07   0.03   1.692  6.85   149.9  13.6  10.80
02/07/20 02:53:12 12.17   0.07   0.03   1.699  6.85   149.7  13.7  10.80
02/07/20 02:53:14 12.18   0.07   0.03   1.724  6.85   149.9  14.0  10.79
02/07/20 02:53:13 12.17   0.07   0.03   1.732  6.85   149.7  13.9  10.80
02/07/20 02:53:15 12.18   0.07   0.03   1.751  6.85   150.3  14.1  10.79
02/07/20 02:53:16 12.18   0.07   0.03   1.766  6.85   150.9  14.2  10.80
02/07/20 02:53:17 12.18   0.07   0.03   1.771  6.85   151.6  14.3  10.80
02/07/20 02:53:18 12.17   0.07   0.03   1.790  6.85   152.3  14.4  10.81
02/07/20 02:53:19 12.18   0.07   0.03   1.817  6.85   153.1  14.5  10.81
02/07/20 02:53:20 12.19   0.07   0.03   1.818  6.85   153.9  14.5  10.81
02/07/20 02:53:21 12.19   0.07   0.03   1.854  6.85   154.5  14.5  10.80
02/07/20 02:53:22 12.17   0.07   0.03   1.858  6.85   155.0  14.5  10.80
02/07/20 02:53:23 12.15   0.07   0.03   1.876  6.85   155.3  14.5  10.80
02/07/20 02:53:24 12.15   0.07   0.03   1.895  6.85   155.4  14.4  10.79
02/07/20 02:53:25 12.14   0.07   0.03   1.897  6.85   155.2  14.3  10.79
02/07/20 02:53:26 12.14   0.07   0.03   1.920  6.84   154.8  14.2  10.78
02/07/20 02:53:27 12.14   0.07   0.03   1.931  6.84   154.2  14.0  10.78
02/07/20 02:53:28 12.14   0.07   0.03   1.941  6.84   153.4  13.8  10.77
02/07/20 02:53:29 12.14   0.07   0.03   1.961  6.84   152.5  13.6  10.76
02/07/20 02:53:30 12.15   0.07   0.03   1.982  6.84   151.5  13.4  10.76
02/07/20 02:53:31 12.16   0.07   0.03   2.004  6.84   150.6  13.1  10.75
02/07/20 02:53:32 12.17   0.07   0.03   2.012  6.84   149.7  12.9  10.76
02/07/20 02:53:33 12.17   0.07   0.03   2.036  6.84   148.9  12.7  10.76
02/07/20 02:53:34 12.18   0.07   0.03   2.055  6.84   148.2  12.4  10.74
02/07/20 02:53:35 12.18   0.07   0.03   2.080  6.84   147.8  12.2  10.74
02/07/20 02:53:36 12.18   0.07   0.03   2.084  6.85   147.5  12.0  10.74
02/07/20 02:53:37 12.19   0.07   0.03   2.105  6.84   147.5  11.8  10.75
02/07/20 02:53:38 12.19   0.07   0.03   2.128  6.84   147.6  11.6  10.75
02/07/20 02:53:39 12.19   0.07   0.03   2.140  6.84   147.9  11.4  10.75
02/07/20 02:53:40 12.19   0.07   0.03   2.165  6.84   148.3  11.2  10.74
02/07/20 02:53:41 12.20   0.07   0.03   2.175  6.84   148.7  11.0  10.73
02/07/20 02:53:42 12.20   0.07   0.03   2.195  6.84   149.1  10.8  10.73
02/07/20 02:53:43 12.20   0.07   0.03   2.219  6.84   149.5  10.7  10.73
02/07/20 02:53:44 12.20   0.07   0.03   2.231  6.84   149.9  10.6  10.73
02/07/20 02:53:45 12.20   0.07   0.03   2.259  6.84   150.2  10.5  10.74
02/07/20 02:53:46 12.20   0.07   0.03   2.278  6.84   150.3  10.5  10.74
02/07/20 02:53:47 12.19   0.07   0.03   2.290  6.84   150.3  10.5  10.74
02/07/20 02:53:48 12.19   0.07   0.03   2.313  6.84   150.2  10.6  10.73
02/07/20 02:53:49 12.19   0.07   0.03   2.328  6.84   150.0  10.6  10.72
02/07/20 02:53:50 12.19   0.07   0.03   2.349  6.84   149.7  10.8  10.73
02/07/20 02:53:51 12.19   0.07   0.03   2.361  6.84   149.3  10.9  10.73
02/07/20 02:53:52 12.19   0.07   0.03   2.366  6.84   148.9  11.1  10.73
02/07/20 02:53:53 12.19   0.07   0.03   2.390  6.84   148.4  11.3  10.72
02/07/20 02:53:54 12.19   0.07   0.03   2.414  6.84   148.0  11.5  10.71
02/07/20 02:53:55 12.19   0.07   0.03   2.422  6.84   147.5  11.7  10.72
02/07/20 02:53:56 12.19   0.07   0.03   2.451  6.84   147.1  11.8  10.71
02/07/20 02:53:57 12.20   0.07   0.03   2.463  6.84   146.7  12.0  10.71
02/07/20 02:53:58 12.20   0.07   0.03   2.467  6.84   146.4  12.1  10.71
02/07/20 02:53:59 12.20   0.07   0.03   2.477  6.84   146.2  12.2  10.71
02/07/20 02:54:01 12.20   0.07   0.03   2.495  6.84   145.9  12.3  10.72
02/07/20 02:54:00 12.21   0.07   0.03   2.498  6.84   146.0  12.2  10.72
02/07/20 02:54:02 12.20   0.07   0.03   2.512  6.84   145.8  12.3  10.72
02/07/20 02:54:03 12.20   0.07   0.03   2.519  6.83   145.7  12.2  10.71
02/07/20 02:54:04 12.21   0.07   0.03   2.533  6.83   145.6  12.2  10.72
02/07/20 02:54:05 12.21   0.07   0.03   2.559  6.83   145.5  12.1  10.72
02/07/20 02:54:06 12.21   0.07   0.03   2.568  6.83   145.3  12.1  10.73
02/07/20 02:54:07 12.21   0.07   0.03   2.597  6.83   145.1  12.0  10.73
02/07/20 02:54:08 12.21   0.07   0.03   2.600  6.83   144.8  12.0  10.73
02/07/20 02:54:09 12.22   0.07   0.03   2.633  6.83   144.5  12.0  10.73
02/07/20 02:54:10 12.22   0.07   0.03   2.654  6.83   144.2  12.0  10.73
02/07/20 02:54:11 12.21   0.07   0.03   2.666  6.83   143.9  12.0  10.72
02/07/20 02:54:12 12.20   0.07   0.03   2.702  6.83   143.5  12.0  10.71
02/07/20 02:54:13 12.20   0.07   0.03   2.718  6.83   143.2  12.0  10.72
02/07/20 02:54:14 12.19   0.07   0.03   2.730  6.83   143.0  12.0  10.72
02/07/20 02:54:15 12.18   0.07   0.03   2.755  6.83   142.9  12.0  10.71
02/07/20 02:54:16 12.18   0.07   0.03   2.769  6.83   142.9  12.0  10.72
02/07/20 02:54:17 12.18   0.07   0.03   2.770  6.83   143.1  12.0  10.72
02/07/20 02:54:19 12.19   0.07   0.03   2.787  6.83   144.1  12.0  10.72
02/07/20 02:54:18 12.18   0.07   0.03   2.788  6.83   143.5  12.0  10.71
02/07/20 02:54:20 12.19   0.07   0.03   2.794  6.83   145.0  12.1  10.71
02/07/20 02:54:22 12.19   0.07   0.03   2.811  6.83   147.3  12.1  10.71
02/07/20 02:54:21 12.19   0.07   0.03   2.814  6.83   146.0  12.1  10.72
02/07/20 02:54:23 12.19   0.07   0.03   2.834  6.83   148.8  12.2  10.70
02/07/20 02:54:24 12.18   0.07   0.03   2.841  6.83   150.4  12.2  10.71
02/07/20 02:54:25 12.17   0.07   0.03   2.860  6.83   152.1  12.3  10.70
02/07/20 02:54:26 12.16   0.07   0.03   2.882  6.83   153.8  12.3  10.69
02/07/20 02:54:27 12.15   0.07   0.03   2.889  6.83   155.5  12.4  10.70
02/07/20 02:54:28 12.13   0.07   0.03   2.893  6.83   157.0  12.4  10.70
02/07/20 02:54:29 12.13   0.07   0.03   2.909  6.83   158.4  12.4  10.71
02/07/20 02:54:30 12.12   0.07   0.03   2.930  6.83   159.5  12.4  10.72
02/07/20 02:54:31 12.12   0.07   0.03   2.947  6.83   160.3  12.4  10.71
02/07/20 02:54:32 12.12   0.07   0.03   2.961  6.83   160.7  12.3  10.71
02/07/20 02:54:33 12.12   0.07   0.03   2.972  6.83   160.8  12.3  10.70
02/07/20 02:54:34 12.11   0.07   0.03   2.996  6.83   160.5  12.2  10.70
02/07/20 02:54:35 12.11   0.07   0.03   3.009  6.82   159.8  12.1  10.71
02/07/20 02:54:36 12.11   0.07   0.03   3.030  6.82   158.8  12.0  10.71
02/07/20 02:54:37 12.12   0.07   0.03   3.036  6.82   157.5  11.9  10.71
02/07/20 02:54:38 12.12   0.07   0.03   3.049  6.82   156.1  11.8  10.71
02/07/20 02:54:39 12.13   0.07   0.03   3.063  6.82   154.5  11.8  10.71
02/07/20 02:54:40 12.14   0.07   0.03   3.076  6.82   152.9  11.8  10.72
02/07/20 02:54:41 12.15   0.07   0.03   3.084  6.82   151.3  11.8  10.73
02/07/20 02:54:42 12.15   0.07   0.03   3.102  6.82   149.9  11.8  10.74
02/07/20 02:54:43 12.16   0.07   0.03   3.103  6.82   148.6  11.9  10.73
02/07/20 02:54:44 12.17   0.07   0.03   3.113  6.82   147.5  12.0  10.73
02/07/20 02:54:45 12.18   0.07   0.03   3.117  6.82   146.7  12.2  10.73
02/07/20 02:54:46 12.18   0.07   0.03   3.143  6.82   146.1  12.3  10.74
02/07/20 02:54:47 12.18   0.07   0.03   3.175  6.82   145.8  12.4  10.74
02/07/20 02:54:48 12.18   0.07   0.03   3.193  6.82   145.7  12.5  10.75
02/07/20 02:54:49 12.18   0.07   0.03   3.208  6.82   145.9  12.5  10.75
02/07/20 02:54:50 12.18   0.07   0.03   3.222  6.82   146.3  12.6  10.74
02/07/20 02:54:51 12.18   0.07   0.03   3.232  6.82   146.7  12.6  10.75
02/07/20 02:54:52 12.17   0.07   0.03   3.265  6.82   147.3  12.6  10.75
02/07/20 02:54:53 12.16   0.07   0.03   3.279  6.82   147.9  12.5  10.74
02/07/20 02:54:54 12.16   0.07   0.03   3.304  6.81   148.5  12.5  10.75
02/07/20 02:54:55 12.16   0.07   0.03   3.332  6.82   149.1  12.4  10.74
02/07/20 02:54:56 12.16   0.07   0.03   3.334  6.82   149.5  12.4  10.73
02/07/20 02:54:58 12.17   0.07   0.03   3.346  6.82   149.9  12.3  10.73
02/07/20 02:54:57 12.16   0.07   0.03   3.351  6.82   149.8  12.3  10.73
02/07/20 02:54:59 12.17   0.07   0.03   3.381  6.82   149.9  12.3  10.74
02/07/20 02:55:00 12.17   0.07   0.03   3.396  6.82   149.7  12.3  10.74
02/07/20 02:55:01 12.17   0.07   0.03   3.410  6.82   149.4  12.3  10.74
02/07/20 02:55:02 12.17   0.07   0.03   3.437  6.82   149.0  12.3  10.76
02/07/20 02:55:03 12.17   0.07   0.03   3.445  6.82   148.4  12.4  10.77
02/07/20 02:55:04 12.17   0.07   0.03   3.453  6.82   147.9  12.4  10.76
02/07/20 02:55:05 12.17   0.07   0.03   3.487  6.82   147.3  12.5  10.75
02/07/20 02:55:06 12.18   0.07   0.03   3.502  6.82   146.8  12.6  10.76
02/07/20 02:55:07 12.18   0.07   0.03   3.519  6.82   146.4  12.6  10.75
02/07/20 02:55:08 12.18   0.07   0.03   3.546  6.82   146.1  12.7  10.74
02/07/20 02:55:09 12.19   0.07   0.03   3.552  6.82   145.9  12.7  10.74
02/07/20 02:55:10 12.19   0.07   0.03   3.577  6.82   145.8  12.8  10.73
02/07/20 02:55:11 12.20   0.07   0.03   3.595  6.82   145.8  12.8  10.74
02/07/20 02:55:12 12.20   0.07   0.03   3.605  6.82   146.0  12.8  10.74
02/07/20 02:55:13 12.20   0.07   0.03   3.628  6.82   146.1  12.8  10.75
02/07/20 02:55:14 12.19   0.07   0.03   3.628  6.82   146.4  12.8  10.74
02/07/20 02:55:17 12.17   0.07   0.03   3.645  6.82   147.1  12.7  10.75
02/07/20 02:55:16 12.17   0.07   0.03   3.650  6.82   146.9  12.8  10.75
02/07/20 02:55:15 12.18   0.07   0.03   3.651  6.82   146.6  12.8  10.74
02/07/20 02:55:18 12.17   0.07   0.03   3.655  6.82   147.3  12.7  10.74
02/07/20 02:55:19 12.17   0.07   0.03   3.662  6.82   147.6  12.7  10.73
02/07/20 02:55:20 12.18   0.07   0.03   3.670  6.82   147.8  12.7  10.73
02/07/20 02:55:21 12.19   0.07   0.03   3.686  6.82   148.1  12.7  10.74
02/07/20 02:55:22 12.19   0.07   0.03   3.706  6.82   148.5  12.7  10.73
02/07/20 02:55:23 12.19   0.07   0.03   3.722  6.81   149.0  12.8  10.72
02/07/20 02:55:24 12.19   0.07   0.03   3.746  6.81   149.7  12.8  10.71
02/07/20 02:55:25 12.18   0.07   0.03   3.769  6.81   150.6  12.8  10.71
02/07/20 02:55:26 12.18   0.07   0.03   3.772  6.81   151.7  12.9  10.71
02/07/20 02:55:28 12.16   0.07   0.03   3.785  6.81   154.6  13.0  10.69
02/07/20 02:55:29 12.15   0.07   0.03   3.791  6.81   156.3  13.0  10.69
02/07/20 02:55:27 12.17   0.07   0.03   3.792  6.81   153.0  12.9  10.70
02/07/20 02:55:30 12.14   0.07   0.03   3.794  6.81   158.2  13.1  10.69
02/07/20 02:55:31 12.14   0.07   0.03   3.808  6.81   160.2  13.2  10.69
02/07/20 02:55:32 12.14   0.07   0.03   3.823  6.81   162.3  13.2  10.68
02/07/20 02:55:33 12.15   0.07   0.03   3.830  6.81   164.2  13.2  10.68
02/07/20 02:55:34 12.16   0.07   0.03   3.842  6.82   166.1  13.3  10.68
02/07/20 02:55:35 12.15   0.07   0.03   3.859  6.81   167.7  13.3  10.68
02/07/20 02:55:36 12.14   0.07   0.03   3.861  6.81   169.1  13.3  10.68
02/07/20 02:55:37 12.13   0.07   0.03   3.872  6.81   170.2  13.3  10.69
02/07/20 02:55:38 12.12   0.07   0.03   3.873  6.81   171.1  13.3  10.69
02/07/20 02:55:39 12.11   0.07   0.03   3.886  6.81   171.6  13.3  10.69
02/07/20 02:55:40 12.11   0.07   0.03   3.916  6.81   172.0  13.3  10.69
02/07/20 02:55:41 12.12   0.07   0.03   3.932  6.81   172.2  13.3  10.69
02/07/20 02:55:42 12.13   0.07   0.03   3.961  6.81   172.3  13.2  10.69
02/07/20 02:55:43 12.13   0.07   0.03   3.980  6.80   172.4  13.2  10.70
02/07/20 02:55:44 12.14   0.07   0.03   4.003  6.81   172.5  13.2  10.70
02/07/20 02:55:45 12.13   0.07   0.03   4.015  6.81   172.6  13.1  10.70
02/07/20 02:55:46 12.13   0.07   0.03   4.029  6.81   172.7  13.0  10.70
02/07/20 02:55:47 12.12   0.07   0.03   4.040  6.81   172.8  12.9  10.70
02/07/20 02:55:48 12.12   0.07   0.03   4.045  6.81   172.9  12.8  10.69
02/07/20 02:55:49 12.12   0.07   0.03   4.060  6.81   172.8  12.7  10.69
02/07/20 02:55:50 12.11   0.07   0.03   4.100  6.80   172.6  12.5  10.70
02/07/20 02:55:51 12.11   0.07   0.03   4.123  6.81   172.2  12.4  10.71
02/07/20 02:55:52 12.11   0.07   0.03   4.139  6.80   171.5  12.2  10.71
02/07/20 02:55:53 12.11   0.07   0.03   4.168  6.80   170.6  12.0  10.71
02/07/20 02:55:54 12.11   0.07   0.03   4.184  6.80   169.6  11.9  10.71
02/07/20 02:55:56 12.12   0.07   0.03   4.188  6.80   167.1  11.7  10.68
02/07/20 02:55:57 12.12   0.07   0.03   4.191  6.80   165.9  11.6  10.69
02/07/20 02:55:55 12.12   0.07   0.03   4.193  6.80   168.3  11.8  10.70
02/07/20 02:55:58 12.12   0.07   0.03   4.203  6.80   165.0  11.6  10.68
02/07/20 02:55:59 12.12   0.07   0.03   4.216  6.80   164.4  11.7  10.69
02/07/20 02:56:00 12.12   0.07   0.03   4.228  6.80   164.3  11.8  10.71
02/07/20 02:56:01 12.12   0.07   0.03   4.251  6.80   164.8  12.0  10.73
02/07/20 02:56:02 12.11   0.07   0.03   4.259  6.80   166.0  12.2  10.72
02/07/20 02:56:04 12.11   0.07   0.03   4.274  6.80   170.4  12.7  10.73
02/07/20 02:56:08 12.11   0.07   0.03   4.285  6.80   185.0  13.8  10.74
02/07/20 02:56:03 12.11   0.07   0.03   4.286  6.80   167.8  12.4  10.72
02/07/20 02:56:07 12.11   0.07   0.03   4.288  6.80   181.0  13.5  10.74
02/07/20 02:56:05 12.11   0.07   0.03   4.289  6.79   173.5  13.0  10.73
02/07/20 02:56:06 12.11   0.07   0.03   4.290  6.80   177.1  13.3  10.74
02/07/20 02:56:09 12.10   0.07   0.03   4.302  6.80   189.0  14.0  10.73
02/07/20 02:56:10 12.10   0.07   0.03   4.327  6.80   192.7  14.2  10.72
02/07/20 02:56:11 12.10   0.07   0.03   4.346  6.80   196.0  14.3  10.73
02/07/20 02:56:12 12.10   0.07   0.03   4.370  6.80   198.6  14.4  10.74
02/07/20 02:56:13 12.11   0.07   0.03   4.373  6.80   200.6  14.4  10.74
02/07/20 02:56:14 12.10   0.07   0.03   4.374  6.79   201.8  14.4  10.74
02/07/20 02:56:20 12.10   0.07   0.03   4.374  6.79   197.5  13.5  10.72
02/07/20 02:56:21 12.10   0.07   0.03   4.383  6.79   196.3  13.3  10.71
02/07/20 02:56:22 12.10   0.07   0.03   4.385  6.79   195.4  13.1  10.73
02/07/20 02:56:23 12.10   0.07   0.03   4.388  6.79   195.0  13.0  10.73
02/07/20 02:56:24 12.10   0.07   0.03   4.396  6.79   195.1  12.9  10.73
02/07/20 02:56:15 12.10   0.07   0.03   4.402  6.79   202.2  14.3  10.73
02/07/20 02:56:19 12.10   0.07   0.03   4.404  6.79   198.8  13.7  10.72
02/07/20 02:56:25 12.10   0.07   0.03   4.404  6.79   195.7  12.8  10.74
02/07/20 02:56:26 12.10   0.07   0.03   4.405  6.79   196.8  12.8  10.74
02/07/20 02:56:28 12.10   0.07   0.03   4.407  6.79   199.8  13.0  10.74
02/07/20 02:56:16 12.10   0.07   0.03   4.411  6.79   202.0  14.2  10.72
02/07/20 02:56:27 12.10   0.07   0.03   4.420  6.79   198.2  12.9  10.74
02/07/20 02:56:18 12.10   0.07   0.03   4.426  6.79   200.1  13.8  10.72
02/07/20 02:56:17 12.10   0.07   0.03   4.427  6.79   201.3  14.0  10.72
02/07/20 02:56:29 12.09   0.07   0.03   4.452  6.79   201.6  13.2  10.75
02/07/20 02:56:30 12.09   0.07   0.03   4.484  6.78   203.3  13.3  10.75
02/07/20 02:56:32 12.09   0.07   0.03   4.503  6.79   205.9  13.8  10.76
02/07/20 02:56:31 12.09   0.07   0.03   4.504  6.79   204.7  13.6  10.76
02/07/20 02:56:33 12.09   0.07   0.03   4.508  6.79   206.6  14.0  10.76
02/07/20 02:56:34 12.09   0.07   0.03   4.531  6.78   206.8  14.2  10.75
02/07/20 02:56:35 12.09   0.07   0.03   4.554  6.78   206.6  14.4  10.76
02/07/20 02:56:37 12.09   0.07   0.03   4.590  6.78   204.8  14.5  10.74
02/07/20 02:56:38 12.09   0.07   0.03   4.590  6.78   203.4  14.5  10.75
02/07/20 02:56:40 12.09   0.07   0.03   4.591  6.78   200.4  14.3  10.73
02/07/20 02:56:36 12.09   0.07   0.03   4.593  6.78   205.9  14.5  10.76
02/07/20 02:56:39 12.09   0.07   0.03   4.594  6.78   201.9  14.4  10.73
02/07/20 02:56:41 12.09   0.07   0.03   4.594  6.78   199.0  14.0  10.74
02/07/20 02:56:42 12.09   0.07   0.03   4.652  6.77   197.9  13.8  10.74
02/07/20 02:56:43 12.09   0.07   0.03   4.723  6.77   197.0  13.5  10.74
02/07/20 02:56:44 12.10   0.07   0.03   4.736  6.78   196.5  13.2  10.74
02/07/20 02:56:48 12.09   0.07   0.03   4.746  6.78   198.3  12.4  10.74
02/07/20 02:56:49 12.09   0.07   0.03   4.754  6.77   199.4  12.3  10.74
02/07/20 02:56:45 12.10   0.07   0.03   4.771  6.78   196.5  13.0  10.74
02/07/20 02:56:47 12.10   0.07   0.03   4.776  6.78   197.5  12.5  10.73
02/07/20 02:56:50 12.09   0.07   0.03   4.778  6.77   200.4  12.2  10.75
02/07/20 02:56:46 12.10   0.07   0.03   4.780  6.78   196.8  12.7  10.74
02/07/20 02:56:51 12.09   0.07   0.03   4.809  6.77   201.3  12.3  10.76
02/07/20 02:56:52 12.09   0.07   0.03   4.823  6.77   202.1  12.3  10.78
02/07/20 02:56:53 12.09   0.07   0.03   4.867  6.77   202.5  12.4  10.79
02/07/20 02:56:54 12.09   0.07   0.03   4.912  6.77   202.5  12.5  10.79
02/07/20 02:56:55 12.09   0.07   0.03   4.979  6.77   202.2  12.7  10.78
02/07/20 02:57:08 12.09   0.07   0.03   4.990  6.77   192.4  12.6  10.79
02/07/20 02:57:09 12.09   0.07   0.03   5.009  6.77   193.3  12.5  10.79
02/07/20 02:57:07 12.09   0.07   0.03   5.017  6.77   191.7  12.7  10.78
02/07/20 02:56:56 12.09   0.07   0.03   5.030  6.77   201.4  12.8  10.79
02/07/20 02:57:00 12.08   0.07   0.03   5.031  6.77   196.1  13.2  10.78
02/07/20 02:57:10 12.09   0.07   0.03   5.038  6.77   194.3  12.5  10.78
02/07/20 02:57:06 12.10   0.07   0.03   5.049  6.77   191.3  12.8  10.78
02/07/20 02:57:01 12.08   0.07   0.03   5.053  6.77   194.6  13.3  10.80
02/07/20 02:56:57 12.09   0.07   0.03   5.056  6.77   200.4  13.0  10.79
02/07/20 02:57:05 12.11   0.07   0.03   5.060  6.77   191.3  12.9  10.76
02/07/20 02:56:59 12.09   0.07   0.03   5.063  6.77   197.6  13.2  10.78
02/07/20 02:57:02 12.09   0.07   0.03   5.070  6.77   193.3  13.2  10.80
02/07/20 02:57:11 12.09   0.07   0.03   5.071  6.76   195.3  12.5  10.78
02/07/20 02:56:58 12.08   0.07   0.03   5.078  6.77   199.1  13.1  10.79
02/07/20 02:57:04 12.11   0.07   0.03   5.086  6.77   191.6  13.0  10.77
02/07/20 02:57:03 12.10   0.07   0.03   5.094  6.77   192.3  13.1  10.79
02/07/20 02:57:12 12.08   0.07   0.03   5.136  6.76   196.2  12.6  10.79
02/07/20 02:57:13 12.08   0.07   0.03   5.182  6.77   196.9  12.8  10.79
02/07/20 02:57:14 12.08   0.07   0.03   5.192  6.76   197.2  13.0  10.79
02/07/20 02:57:45 12.08   0.07   0.03   5.198  6.76   184.3  12.5  10.71
02/07/20 02:57:44 12.08   0.07   0.03   5.211  6.76   186.2  12.8  10.71
02/07/20 02:57:46 12.09   0.07   0.03   5.211  6.76   182.5  12.2  10.71
02/07/20 02:57:43 12.08   0.07   0.03   5.221  6.76   188.2  13.1  10.72
02/07/20 02:57:36 12.06   0.07   0.03   5.228  6.76   196.5  14.2  10.75
02/07/20 02:57:15 12.08   0.07   0.03   5.231  6.76   197.3  13.2  10.78
02/07/20 02:57:37 12.06   0.07   0.03   5.237  6.76   196.5  14.1  10.74
02/07/20 02:57:33 12.05   0.07   0.03   5.239  6.76   193.9  14.1  10.75
02/07/20 02:57:32 12.06   0.07   0.03   5.243  6.77   192.4  14.1  10.75
02/07/20 02:57:35 12.06   0.07   0.03   5.247  6.77   196.0  14.2  10.75
02/07/20 02:57:16 12.08   0.07   0.03   5.248  6.76   196.9  13.4  10.80
02/07/20 02:57:18 12.08   0.07   0.03   5.249  6.76   195.1  13.9  10.83
02/07/20 02:57:19 12.08   0.07   0.03   5.249  6.76   193.7  14.1  10.81
02/07/20 02:57:42 12.07   0.07   0.03   5.250  6.76   190.2  13.4  10.72
02/07/20 02:57:20 12.08   0.07   0.03   5.251  6.76   192.2  14.2  10.80
02/07/20 02:57:47 12.09   0.07   0.03   5.251  6.76   181.0  12.0  10.72
02/07/20 02:57:41 12.07   0.07   0.03   5.255  6.76   192.1  13.6  10.72
02/07/20 02:57:34 12.06   0.07   0.03   5.262  6.76   195.1  14.1  10.74
02/07/20 02:57:38 12.06   0.07   0.03   5.262  6.76   196.0  14.1  10.73
02/07/20 02:57:17 12.08   0.07   0.03   5.268  6.76   196.2  13.7  10.82
02/07/20 02:57:21 12.07   0.07   0.03   5.270  6.76   190.6  14.3  10.80
02/07/20 02:57:31 12.07   0.07   0.03   5.283  6.77   190.8  14.1  10.75
02/07/20 02:57:39 12.06   0.07   0.03   5.288  6.76   195.1  13.9  10.72
02/07/20 02:57:48 12.09   0.07   0.03   5.290  6.76   179.7  11.7  10.72
02/07/20 02:57:40 12.06   0.07   0.03   5.299  6.76   193.7  13.8  10.72
02/07/20 02:57:22 12.07   0.07   0.03   5.311  6.76   189.0  14.4  10.80
02/07/20 02:57:30 12.08   0.07   0.03   5.312  6.77   189.2  14.1  10.75
02/07/20 02:57:49 12.09   0.07   0.03   5.324  6.76   178.6  11.5  10.72
02/07/20 02:57:28 12.09   0.07   0.03   5.343  6.77   186.8  14.1  10.76
02/07/20 02:57:29 12.09   0.07   0.03   5.346  6.76   187.9  14.1  10.75
02/07/20 02:57:27 12.09   0.07   0.03   5.354  6.76   186.1  14.2  10.77
02/07/20 02:57:50 12.09   0.07   0.03   5.354  6.76   177.8  11.2  10.73
02/07/20 02:57:23 12.07   0.07   0.03   5.363  6.76   187.7  14.4  10.79
02/07/20 02:57:51 12.09   0.07   0.03   5.370  6.76   177.2  11.0  10.73
02/07/20 02:57:26 12.08   0.07   0.03   5.389  6.76   185.8  14.2  10.77
02/07/20 02:57:52 12.08   0.07   0.03   5.396  6.76   176.8  10.9  10.73
02/07/20 02:57:24 12.07   0.07   0.03   5.403  6.76   186.6  14.4  10.79
02/07/20 02:57:25 12.08   0.07   0.03   5.414  6.76   186.0  14.3  10.77
