
Profile Time: 11:10:22
Profile Date: 03/13/2018
Profile Location: jlnewhope Serial no: : 0001A093, ID: : GreyTape310
Sonde data Status: Unfiltered, VisualCheck
Data Status: , PostCal
03/13/18 11:10:36  8.71   0.26   0.13  -0.003  7.96    10.9  17.9  11.77
03/13/18 11:10:25  8.71   0.26   0.13  -0.002  7.96    10.9  22.7  11.75
03/13/18 11:10:26  8.71   0.26   0.13  -0.002  7.96    11.0  21.8  11.74
03/13/18 11:10:30  8.71   0.26   0.13  -0.002  7.96    11.1  18.9  11.75
03/13/18 11:10:39  8.71   0.26   0.13  -0.002  7.95    10.9  18.8  11.80
03/13/18 11:10:24  8.71   0.26   0.13  -0.001  7.95    10.8  23.5  11.75
03/13/18 11:10:38  8.71   0.26   0.13  -0.001  7.95    10.9  18.4  11.77
03/13/18 11:10:34  8.71   0.26   0.13   0.000  7.96    11.0  17.8  11.75
03/13/18 11:10:35  8.71   0.26   0.13   0.001  7.95    11.0  17.8  11.77
03/13/18 11:10:37  8.71   0.26   0.13   0.001  7.96    10.9  18.1  11.76
03/13/18 11:10:27  8.71   0.26   0.13   0.003  7.96    11.0  21.0  11.71
03/13/18 11:10:28  8.71   0.26   0.13   0.003  7.96    11.1  20.2  11.70
03/13/18 11:10:29  8.71   0.26   0.13   0.003  7.96    11.1  19.5  11.72
03/13/18 11:10:33  8.72   0.26   0.13   0.004  7.96    11.1  17.9  11.78
03/13/18 11:10:31  8.72   0.26   0.13   0.007  7.96    11.1  18.5  11.77
03/13/18 11:10:32  8.72   0.26   0.13   0.024  7.95    11.1  18.1  11.78
03/13/18 11:10:41  8.71   0.26   0.13   0.026  7.95    10.9  19.5  11.76
03/13/18 11:10:40  8.71   0.26   0.13   0.029  7.95    10.9  19.1  11.78
03/13/18 11:10:42  8.71   0.26   0.13   0.030  7.95    11.0  19.8  11.75
03/13/18 11:10:43  8.71   0.26   0.13   0.055  7.96    11.0  20.1  11.78
03/13/18 11:10:45  8.71   0.26   0.13   0.072  7.96    11.1  20.5  11.74
03/13/18 11:10:44  8.71   0.26   0.13   0.094  7.96    11.0  20.3  11.75
03/13/18 11:10:46  8.71   0.26   0.13   0.102  7.96    11.1  20.5  11.73
03/13/18 11:10:47  8.71   0.26   0.13   0.115  7.97    11.1  20.5  11.75
03/13/18 11:10:48  8.71   0.26   0.13   0.130  7.97    11.2  20.3  11.75
03/13/18 11:10:50  8.71   0.26   0.13   0.162  7.96    11.1  19.8  11.80
03/13/18 11:10:49  8.71   0.26   0.13   0.164  7.96    11.2  20.1  11.78
03/13/18 11:10:51  8.71   0.26   0.13   0.171  7.96    11.1  19.5  11.86
03/13/18 11:10:52  8.71   0.26   0.13   0.194  7.96    11.1  19.1  11.91
03/13/18 11:10:53  8.72   0.26   0.13   0.219  7.96    11.0  18.7  11.95
03/13/18 11:10:54  8.72   0.26   0.13   0.236  7.95    11.0  18.3  11.92
03/13/18 11:10:55  8.72   0.26   0.13   0.250  7.95    10.9  17.9  11.95
03/13/18 11:10:56  8.72   0.26   0.13   0.262  7.94    10.9  17.6  11.92
03/13/18 11:10:57  8.72   0.26   0.13   0.271  7.94    10.8  17.3  11.94
03/13/18 11:10:58  8.72   0.26   0.13   0.298  7.94    10.8  17.1  11.91
03/13/18 11:10:59  8.72   0.26   0.13   0.319  7.95    10.7  17.0  11.92
03/13/18 11:11:00  8.72   0.26   0.13   0.332  7.96    10.7  16.9  11.95
03/13/18 11:11:01  8.72   0.26   0.13   0.335  7.96    10.7  16.9  11.95
03/13/18 11:11:02  8.72   0.26   0.13   0.344  7.96    10.7  17.0  11.98
03/13/18 11:11:03  8.72   0.26   0.13   0.374  7.97    10.7  17.2  11.93
03/13/18 11:11:04  8.72   0.26   0.13   0.411  7.97    10.8  17.4  11.90
03/13/18 11:11:05  8.72   0.26   0.13   0.428  7.96    10.8  17.6  11.90
03/13/18 11:11:06  8.72   0.26   0.13   0.445  7.97    10.8  17.9  11.89
03/13/18 11:11:07  8.72   0.26   0.13   0.449  7.97    10.9  18.3  11.88
03/13/18 11:11:08  8.72   0.26   0.13   0.478  7.97    10.9  18.6  11.87
03/13/18 11:11:09  8.72   0.26   0.13   0.496  7.98    10.9  18.9  11.84
03/13/18 11:11:10  8.72   0.26   0.13   0.513  7.98    11.0  19.2  11.87
03/13/18 11:11:11  8.72   0.26   0.13   0.528  7.98    11.0  19.5  11.87
03/13/18 11:11:12  8.72   0.26   0.13   0.552  7.98    11.0  19.7  11.83
03/13/18 11:11:13  8.72   0.26   0.13   0.561  7.98    10.9  19.9  11.81
03/13/18 11:11:14  8.72   0.26   0.13   0.578  7.98    10.9  20.1  11.85
03/13/18 11:11:15  8.72   0.26   0.13   0.624  7.98    10.9  20.3  11.83
03/13/18 11:11:16  8.72   0.26   0.13   0.644  7.98    10.8  20.4  11.82
03/13/18 11:11:17  8.72   0.26   0.13   0.649  7.98    10.8  20.5  11.85
03/13/18 11:11:18  8.72   0.26   0.13   0.651  7.98    10.8  20.7  11.87
03/13/18 11:11:19  8.72   0.26   0.13   0.668  7.97    10.7  20.8  11.88
03/13/18 11:11:20  8.72   0.26   0.13   0.695  7.97    10.7  21.0  11.91
03/13/18 11:11:21  8.72   0.26   0.13   0.729  7.97    10.7  21.2  11.95
03/13/18 11:11:22  8.72   0.26   0.13   0.761  7.96    10.7  21.4  11.97
03/13/18 11:11:23  8.72   0.26   0.13   0.766  7.97    10.6  21.7  11.97
03/13/18 11:11:24  8.72   0.26   0.13   0.782  7.97    10.6  21.9  11.91
03/13/18 11:11:25  8.71   0.26   0.13   0.805  7.97    10.6  22.2  11.88
03/13/18 11:11:26  8.71   0.26   0.13   0.821  7.97    10.6  22.4  11.89
03/13/18 11:11:27  8.71   0.26   0.13   0.848  7.97    10.6  22.7  11.89
03/13/18 11:11:28  8.71   0.26   0.13   0.848  7.98    10.6  22.9  11.86
03/13/18 11:11:29  8.71   0.26   0.13   0.870  7.98    10.6  23.0  11.88
03/13/18 11:11:30  8.71   0.26   0.13   0.895  7.98    10.6  23.1  11.90
03/13/18 11:11:31  8.71   0.26   0.13   0.915  7.98    10.6  23.2  11.88
03/13/18 11:11:32  8.71   0.26   0.13   0.930  7.98    10.6  23.3  11.86
03/13/18 11:11:33  8.71   0.26   0.13   0.950  7.98    10.6  23.3  11.84
03/13/18 11:11:34  8.71   0.26   0.13   0.972  7.98    10.6  23.3  11.82
03/13/18 11:11:35  8.71   0.26   0.13   0.995  7.98    10.6  23.3  11.79
03/13/18 11:11:36  8.71   0.26   0.13   1.027  7.98    10.6  23.3  11.78
03/13/18 11:11:37  8.71   0.26   0.13   1.033  7.97    10.6  23.3  11.77
03/13/18 11:11:38  8.71   0.26   0.13   1.038  7.98    10.6  23.3  11.78
03/13/18 11:11:39  8.71   0.26   0.13   1.069  7.98    10.7  23.4  11.77
03/13/18 11:11:40  8.71   0.26   0.13   1.098  7.98    10.7  23.5  11.76
03/13/18 11:11:42  8.71   0.26   0.13   1.123  7.98    10.8  23.8  11.77
03/13/18 11:11:41  8.71   0.26   0.13   1.129  7.98    10.7  23.6  11.78
03/13/18 11:11:43  8.71   0.26   0.13   1.159  7.98    10.9  24.0  11.78
03/13/18 11:11:44  8.71   0.26   0.13   1.171  7.98    10.9  24.2  11.78
03/13/18 11:11:45  8.71   0.26   0.13   1.192  7.99    10.9  24.4  11.75
03/13/18 11:11:46  8.70   0.26   0.13   1.192  7.98    11.0  24.6  11.74
03/13/18 11:11:47  8.70   0.26   0.13   1.222  7.99    11.0  24.8  11.73
03/13/18 11:11:48  8.70   0.26   0.13   1.237  7.99    11.0  25.1  11.75
03/13/18 11:11:49  8.69   0.26   0.13   1.254  7.99    11.0  25.2  11.76
03/13/18 11:11:50  8.69   0.26   0.13   1.278  7.98    11.0  25.4  11.77
03/13/18 11:11:51  8.69   0.26   0.13   1.290  7.98    11.0  25.6  11.77
03/13/18 11:11:52  8.69   0.26   0.13   1.337  7.97    11.1  25.7  11.77
03/13/18 11:11:53  8.69   0.26   0.13   1.340  7.98    11.1  25.8  11.78
03/13/18 11:11:54  8.68   0.26   0.13   1.359  7.98    11.1  25.9  11.79
03/13/18 11:11:55  8.68   0.26   0.13   1.382  7.98    11.2  26.0  11.77
03/13/18 11:11:56  8.68   0.26   0.13   1.394  7.98    11.3  26.2  11.77
03/13/18 11:11:57  8.68   0.26   0.13   1.413  7.98    11.3  26.3  11.76
03/13/18 11:11:58  8.68   0.26   0.13   1.439  7.98    11.4  26.4  11.78
03/13/18 11:12:00  8.67   0.26   0.13   1.489  7.97    11.6  26.6  11.77
03/13/18 11:12:01  8.66   0.26   0.13   1.493  7.97    11.7  26.8  11.76
03/13/18 11:11:59  8.68   0.26   0.13   1.496  7.97    11.5  26.5  11.76
03/13/18 11:12:02  8.66   0.26   0.13   1.498  7.97    11.7  26.9  11.76
03/13/18 11:12:03  8.66   0.26   0.13   1.522  7.97    11.8  26.9  11.75
03/13/18 11:12:04  8.65   0.26   0.13   1.547  7.97    11.8  27.0  11.76
03/13/18 11:12:05  8.65   0.26   0.13   1.581  7.97    11.7  26.9  11.78
03/13/18 11:12:06  8.65   0.26   0.13   1.590  7.98    11.6  26.9  11.75
03/13/18 11:12:08  8.65   0.26   0.13   1.613  7.98    11.4  26.7  11.77
03/13/18 11:12:07  8.65   0.26   0.13   1.614  7.97    11.5  26.8  11.76
03/13/18 11:12:09  8.66   0.26   0.13   1.646  7.97    11.3  26.5  11.76
03/13/18 11:12:11  8.66   0.26   0.13   1.665  7.97    11.0  26.2  11.76
03/13/18 11:12:10  8.66   0.26   0.13   1.677  7.97    11.1  26.4  11.75
03/13/18 11:12:12  8.66   0.26   0.13   1.715  7.97    10.8  26.0  11.76
03/13/18 11:12:13  8.66   0.26   0.13   1.725  7.97    10.7  25.9  11.76
03/13/18 11:12:14  8.66   0.26   0.13   1.726  7.97    10.6  25.8  11.72
03/13/18 11:12:15  8.66   0.26   0.13   1.772  7.97    10.5  25.7  11.69
03/13/18 11:12:16  8.66   0.26   0.13   1.777  7.97    10.5  25.8  11.73
03/13/18 11:12:17  8.66   0.26   0.13   1.801  7.97    10.5  25.8  11.70
03/13/18 11:12:18  8.66   0.26   0.13   1.826  7.97    10.5  25.9  11.69
03/13/18 11:12:19  8.66   0.26   0.13   1.837  7.97    10.5  26.1  11.69
03/13/18 11:12:20  8.66   0.26   0.13   1.867  7.97    10.5  26.3  11.71
03/13/18 11:12:21  8.65   0.26   0.13   1.879  7.97    10.6  26.6  11.71
03/13/18 11:12:22  8.65   0.26   0.13   1.911  7.97    10.6  26.8  11.71
03/13/18 11:12:24  8.64   0.26   0.13   1.939  7.96    10.8  27.3  11.73
03/13/18 11:12:23  8.64   0.26   0.13   1.944  7.96    10.7  27.1  11.72
03/13/18 11:12:25  8.64   0.26   0.13   1.962  7.97    10.9  27.6  11.74
03/13/18 11:12:26  8.64   0.26   0.13   1.966  7.97    11.0  27.7  11.71
03/13/18 11:12:27  8.64   0.26   0.13   1.985  7.96    11.1  27.9  11.69
03/13/18 11:12:28  8.65   0.26   0.13   2.010  7.96    11.3  28.0  11.66
03/13/18 11:12:29  8.64   0.26   0.13   2.027  7.96    11.4  28.0  11.65
03/13/18 11:12:30  8.64   0.26   0.13   2.069  7.96    11.5  28.0  11.65
03/13/18 11:12:31  8.63   0.26   0.13   2.075  7.96    11.7  27.9  11.64
03/13/18 11:12:32  8.63   0.26   0.13   2.098  7.95    11.8  27.8  11.61
03/13/18 11:12:33  8.63   0.26   0.13   2.108  7.96    11.8  27.7  11.59
03/13/18 11:12:34  8.62   0.26   0.13   2.117  7.96    11.9  27.5  11.63
03/13/18 11:12:35  8.63   0.26   0.13   2.153  7.95    11.9  27.4  11.64
03/13/18 11:12:36  8.63   0.26   0.13   2.166  7.96    11.9  27.2  11.66
03/13/18 11:12:37  8.64   0.27   0.13   2.204  7.96    11.8  27.1  11.64
03/13/18 11:12:39  8.65   0.26   0.13   2.227  7.96    11.6  27.0  11.64
03/13/18 11:12:38  8.64   0.26   0.13   2.230  7.95    11.7  27.0  11.65
03/13/18 11:12:40  8.65   0.26   0.13   2.237  7.96    11.4  26.9  11.64
03/13/18 11:12:41  8.65   0.26   0.13   2.276  7.96    11.3  27.0  11.65
03/13/18 11:12:45  8.64   0.26   0.13   2.312  7.95    10.7  27.2  11.72
03/13/18 11:12:42  8.64   0.26   0.13   2.319  7.95    11.1  27.0  11.68
03/13/18 11:12:44  8.64   0.26   0.13   2.320  7.95    10.8  27.2  11.71
03/13/18 11:12:43  8.64   0.26   0.13   2.326  7.95    11.0  27.1  11.68
03/13/18 11:12:46  8.64   0.26   0.13   2.348  7.95    10.6  27.3  11.71
03/13/18 11:12:47  8.64   0.26   0.13   2.389  7.95    10.5  27.4  11.71
03/13/18 11:12:48  8.63   0.26   0.13   2.428  7.94    10.5  27.4  11.69
03/13/18 11:12:50  8.63   0.26   0.13   2.431  7.94    10.4  27.4  11.71
03/13/18 11:12:49  8.63   0.26   0.13   2.451  7.94    10.4  27.4  11.69
03/13/18 11:12:52  8.62   0.26   0.13   2.465  7.95    10.5  27.2  11.74
03/13/18 11:12:51  8.62   0.26   0.13   2.481  7.94    10.4  27.3  11.72
03/13/18 11:12:53  8.61   0.26   0.13   2.498  7.95    10.5  27.0  11.77
03/13/18 11:12:54  8.60   0.26   0.13   2.509  7.95    10.6  26.9  11.79
03/13/18 11:12:55  8.60   0.27   0.13   2.539  7.95    10.7  26.7  11.82
03/13/18 11:12:57  8.59   0.26   0.13   2.575  7.95    10.8  26.4  11.82
03/13/18 11:12:56  8.60   0.27   0.13   2.585  7.94    10.7  26.6  11.84
03/13/18 11:12:58  8.59   0.26   0.13   2.586  7.95    10.9  26.3  11.80
03/13/18 11:12:59  8.59   0.26   0.13   2.628  7.95    10.9  26.2  11.79
03/13/18 11:13:01  8.60   0.27   0.13   2.634  7.95    11.0  26.2  11.84
03/13/18 11:13:00  8.60   0.26   0.13   2.642  7.95    11.0  26.2  11.76
03/13/18 11:13:03  8.60   0.27   0.13   2.675  7.95    11.0  26.2  11.87
03/13/18 11:13:02  8.60   0.27   0.13   2.689  7.95    11.0  26.2  11.85
03/13/18 11:13:05  8.60   0.27   0.13   2.712  7.95    11.0  26.3  11.82
03/13/18 11:13:04  8.60   0.27   0.13   2.722  7.95    11.0  26.3  11.83
03/13/18 11:13:06  8.59   0.26   0.13   2.758  7.95    10.9  26.4  11.79
03/13/18 11:13:07  8.59   0.26   0.13   2.773  7.95    10.9  26.5  11.79
03/13/18 11:13:08  8.60   0.27   0.13   2.778  7.95    10.8  26.6  11.85
03/13/18 11:13:09  8.60   0.27   0.13   2.807  7.95    10.8  26.7  11.86
03/13/18 11:13:10  8.60   0.26   0.13   2.821  7.95    10.7  26.7  11.86
03/13/18 11:13:12  8.62   0.27   0.13   2.836  7.95    10.6  26.9  11.87
03/13/18 11:13:11  8.61   0.26   0.13   2.863  7.95    10.7  26.8  11.88
03/13/18 11:13:14  8.63   0.26   0.13   2.894  7.95    10.6  27.1  11.82
03/13/18 11:13:13  8.63   0.26   0.13   2.912  7.95    10.6  27.0  11.87
03/13/18 11:13:15  8.63   0.26   0.13   2.913  7.95    10.5  27.2  11.79
03/13/18 11:13:17  8.63   0.26   0.13   2.945  7.94    10.5  27.4  11.77
03/13/18 11:13:16  8.63   0.26   0.13   2.951  7.94    10.5  27.3  11.80
03/13/18 11:13:18  8.63   0.26   0.13   2.976  7.94    10.4  27.4  11.79
03/13/18 11:13:19  8.63   0.26   0.13   2.982  7.94    10.4  27.5  11.84
03/13/18 11:13:21  8.63   0.26   0.13   3.023  7.94    10.3  27.6  11.87
03/13/18 11:13:20  8.63   0.26   0.13   3.027  7.94    10.4  27.6  11.86
03/13/18 11:13:22  8.63   0.26   0.13   3.087  7.94    10.3  27.6  11.82
03/13/18 11:13:23  8.63   0.26   0.13   3.095  7.94    10.3  27.5  11.77
03/13/18 11:13:24  8.63   0.26   0.13   3.104  7.94    10.3  27.5  11.76
03/13/18 11:13:25  8.63   0.26   0.13   3.115  7.94    10.3  27.4  11.73
03/13/18 11:13:26  8.63   0.26   0.13   3.126  7.94    10.3  27.3  11.73
03/13/18 11:13:27  8.63   0.26   0.13   3.156  7.94    10.4  27.2  11.73
03/13/18 11:13:28  8.63   0.26   0.13   3.175  7.93    10.4  27.0  11.72
03/13/18 11:13:29  8.63   0.26   0.13   3.177  7.93    10.5  26.9  11.72
03/13/18 11:13:30  8.63   0.26   0.13   3.203  7.93    10.6  26.7  11.75
03/13/18 11:13:31  8.63   0.26   0.13   3.231  7.93    10.8  26.6  11.75
03/13/18 11:13:33  8.63   0.26   0.13   3.254  7.93    11.0  26.3  11.77
03/13/18 11:13:32  8.63   0.26   0.13   3.255  7.93    10.9  26.4  11.76
03/13/18 11:13:34  8.63   0.26   0.13   3.287  7.93    11.2  26.3  11.75
03/13/18 11:13:35  8.62   0.26   0.13   3.295  7.93    11.3  26.2  11.73
03/13/18 11:13:37  8.61   0.26   0.13   3.322  7.93    11.6  26.2  11.73
03/13/18 11:13:36  8.61   0.26   0.13   3.333  7.93    11.4  26.2  11.74
03/13/18 11:13:38  8.62   0.26   0.13   3.360  7.93    11.6  26.2  11.73
03/13/18 11:13:39  8.62   0.26   0.13   3.398  7.93    11.7  26.3  11.70
03/13/18 11:13:40  8.62   0.26   0.13   3.417  7.93    11.8  26.4  11.70
03/13/18 11:13:41  8.62   0.26   0.13   3.441  7.93    11.8  26.5  11.70
03/13/18 11:13:43  8.61   0.26   0.13   3.454  7.93    11.7  26.8  11.66
03/13/18 11:13:42  8.62   0.26   0.13   3.460  7.93    11.8  26.6  11.68
03/13/18 11:13:44  8.61   0.26   0.13   3.466  7.93    11.6  26.9  11.66
03/13/18 11:13:45  8.61   0.26   0.13   3.504  7.93    11.6  27.1  11.66
03/13/18 11:13:46  8.61   0.26   0.13   3.515  7.93    11.5  27.2  11.66
03/13/18 11:13:47  8.61   0.26   0.13   3.534  7.93    11.3  27.4  11.69
03/13/18 11:13:48  8.61   0.27   0.13   3.563  7.93    11.2  27.6  11.69
03/13/18 11:13:49  8.61   0.26   0.13   3.572  7.93    11.1  27.7  11.71
03/13/18 11:13:50  8.61   0.26   0.13   3.623  7.93    11.0  27.9  11.69
03/13/18 11:13:52  8.61   0.26   0.13   3.643  7.93    10.9  28.1  11.69
03/13/18 11:13:51  8.61   0.26   0.13   3.646  7.93    10.9  28.0  11.69
03/13/18 11:13:53  8.61   0.26   0.13   3.651  7.93    10.8  28.2  11.69
03/13/18 11:13:54  8.61   0.26   0.13   3.664  7.92    10.8  28.3  11.67
03/13/18 11:13:55  8.61   0.26   0.13   3.686  7.92    10.8  28.3  11.68
03/13/18 11:13:56  8.61   0.27   0.13   3.694  7.92    10.8  28.3  11.68
03/13/18 11:13:58  8.61   0.26   0.13   3.751  7.92    10.8  28.2  11.67
03/13/18 11:13:57  8.61   0.27   0.13   3.762  7.93    10.8  28.3  11.65
03/13/18 11:13:59  8.61   0.26   0.13   3.772  7.93    10.9  28.0  11.69
03/13/18 11:14:00  8.61   0.26   0.13   3.802  7.93    10.9  27.9  11.68
03/13/18 11:14:01  8.61   0.26   0.13   3.803  7.93    10.9  27.7  11.67
03/13/18 11:14:03  8.61   0.26   0.13   3.845  7.93    10.9  27.2  11.66
03/13/18 11:14:02  8.61   0.26   0.13   3.849  7.93    10.9  27.4  11.67
03/13/18 11:14:04  8.61   0.26   0.13   3.882  7.93    10.9  26.9  11.66
03/13/18 11:14:05  8.61   0.26   0.13   3.893  7.93    10.9  26.7  11.67
03/13/18 11:14:06  8.61   0.26   0.13   3.907  7.92    10.8  26.6  11.68
03/13/18 11:14:07  8.61   0.26   0.13   3.909  7.92    10.8  26.4  11.69
03/13/18 11:14:08  8.61   0.26   0.13   3.928  7.92    10.7  26.4  11.69
03/13/18 11:14:09  8.60   0.27   0.13   3.983  7.92    10.7  26.4  11.70
03/13/18 11:14:12  8.60   0.26   0.13   4.005  7.92    10.6  26.8  11.66
03/13/18 11:14:10  8.60   0.26   0.13   4.013  7.92    10.6  26.5  11.69
03/13/18 11:14:11  8.60   0.26   0.13   4.026  7.92    10.6  26.6  11.68
03/13/18 11:14:13  8.60   0.26   0.13   4.043  7.92    10.6  27.0  11.63
03/13/18 11:14:14  8.60   0.27   0.13   4.073  7.92    10.7  27.2  11.59
03/13/18 11:14:16  8.60   0.26   0.13   4.094  7.92    10.8  27.7  11.56
03/13/18 11:14:15  8.60   0.26   0.13   4.102  7.92    10.7  27.4  11.57
03/13/18 11:14:17  8.59   0.27   0.13   4.103  7.92    10.9  27.9  11.56
03/13/18 11:14:19  8.58   0.27   0.13   4.139  7.92    11.0  28.2  11.59
03/13/18 11:14:18  8.59   0.27   0.13   4.169  7.92    11.0  28.1  11.57
03/13/18 11:14:21  8.57   0.27   0.13   4.192  7.92    11.2  28.3  11.61
03/13/18 11:14:20  8.57   0.27   0.13   4.193  7.92    11.1  28.3  11.58
03/13/18 11:14:22  8.57   0.26   0.13   4.208  7.92    11.2  28.3  11.60
03/13/18 11:14:24  8.57   0.27   0.13   4.241  7.92    11.2  28.1  11.62
03/13/18 11:14:23  8.57   0.27   0.13   4.254  7.92    11.2  28.3  11.60
03/13/18 11:14:25  8.57   0.27   0.13   4.274  7.92    11.2  28.0  11.63
03/13/18 11:14:27  8.56   0.27   0.13   4.286  7.93    11.0  27.6  11.63
03/13/18 11:14:26  8.57   0.26   0.13   4.296  7.92    11.1  27.8  11.64
03/13/18 11:14:29  8.55   0.27   0.13   4.348  7.93    10.9  27.1  11.62
03/13/18 11:14:28  8.56   0.27   0.13   4.367  7.92    11.0  27.3  11.62
03/13/18 11:14:30  8.55   0.27   0.13   4.381  7.93    10.8  26.9  11.60
03/13/18 11:14:31  8.55   0.27   0.13   4.392  7.93    10.8  26.7  11.61
03/13/18 11:14:32  8.55   0.27   0.13   4.404  7.92    10.7  26.5  11.62
03/13/18 11:14:33  8.55   0.27   0.13   4.425  7.92    10.7  26.3  11.59
03/13/18 11:14:34  8.55   0.27   0.13   4.444  7.92    10.8  26.2  11.58
03/13/18 11:14:35  8.54   0.27   0.13   4.492  7.92    10.9  26.1  11.59
03/13/18 11:14:36  8.54   0.27   0.13   4.492  7.93    11.0  26.1  11.58
03/13/18 11:14:37  8.54   0.27   0.13   4.518  7.93    11.2  26.1  11.57
03/13/18 11:14:39  8.54   0.27   0.13   4.521  7.92    11.6  26.2  11.53
03/13/18 11:14:38  8.54   0.27   0.13   4.532  7.93    11.4  26.1  11.58
03/13/18 11:14:40  8.54   0.27   0.13   4.564  7.92    11.9  26.3  11.54
03/13/18 11:14:42  8.54   0.27   0.13   4.575  7.92    12.3  26.7  11.55
03/13/18 11:14:45  8.54   0.27   0.13   4.586  7.92    12.5  27.0  11.62
03/13/18 11:14:54  8.54   0.27   0.13   4.586  7.92    10.6  25.3  11.71
03/13/18 11:14:52  8.54   0.27   0.13   4.588  7.92    11.2  26.0  11.67
03/13/18 11:14:41  8.54   0.27   0.13   4.589  7.92    12.1  26.5  11.56
03/13/18 11:14:46  8.54   0.27   0.13   4.591  7.92    12.5  27.1  11.62
03/13/18 11:14:49  8.54   0.27   0.13   4.591  7.92    12.1  26.8  11.64
03/13/18 11:14:50  8.54   0.27   0.13   4.595  7.92    11.8  26.6  11.64
03/13/18 11:14:44  8.54   0.27   0.13   4.596  7.92    12.5  26.9  11.60
03/13/18 11:14:51  8.54   0.27   0.13   4.597  7.92    11.5  26.4  11.64
03/13/18 11:14:47  8.54   0.27   0.13   4.602  7.92    12.4  27.1  11.64
03/13/18 11:14:53  8.54   0.27   0.13   4.606  7.92    10.9  25.7  11.68
03/13/18 11:14:43  8.54   0.27   0.13   4.611  7.92    12.4  26.8  11.58
03/13/18 11:14:48  8.54   0.27   0.13   4.611  7.92    12.3  27.0  11.64

Profile Time: 14:19:19
Profile Date: 03/13/2018
Profile Location: jlnewhope Serial no: : 0001A093, ID: : GreyTape310
Sonde data Status: Unfiltered, VisualCheck
Data Status: , PostCal
03/13/18 14:19:27  9.04   0.26   0.13  -0.007  7.80    10.7  20.9  11.76
03/13/18 14:19:29  9.04   0.26   0.13  -0.007  7.81    10.7  19.9  11.74
03/13/18 14:19:31  9.04   0.26   0.13  -0.007  7.82    10.7  19.0  11.73
03/13/18 14:19:32  9.05   0.26   0.13  -0.006  7.82    10.7  18.7  11.73
03/13/18 14:19:21  9.04   0.26   0.13  -0.005  7.80    10.2  22.4  11.76
03/13/18 14:19:23  9.04   0.26   0.13  -0.005  7.80    10.4  22.1  11.79
03/13/18 14:19:24  9.04   0.26   0.13  -0.005  7.80    10.5  21.9  11.78
03/13/18 14:19:26  9.04   0.26   0.13  -0.005  7.81    10.6  21.3  11.78
03/13/18 14:19:28  9.04   0.26   0.13  -0.005  7.81    10.7  20.4  11.76
03/13/18 14:19:35  9.04   0.26   0.13  -0.005  7.83    10.6  18.2  11.74
03/13/18 14:19:22  9.04   0.26   0.13  -0.004  7.80    10.3  22.2  11.77
03/13/18 14:19:33  9.05   0.26   0.13  -0.003  7.83    10.7  18.4  11.71
03/13/18 14:19:25  9.04   0.26   0.13  -0.002  7.80    10.6  21.6  11.79
03/13/18 14:19:34  9.05   0.26   0.13  -0.002  7.83    10.7  18.2  11.73
03/13/18 14:19:36  9.04   0.26   0.13  -0.002  7.82    10.7  18.2  11.77
03/13/18 14:19:37  9.04   0.26   0.13  -0.002  7.82    10.7  18.4  11.79
03/13/18 14:19:30  9.04   0.26   0.13  -0.001  7.82    10.7  19.5  11.70
03/13/18 14:19:38  9.04   0.26   0.13   0.032  7.83    10.7  18.7  11.80
03/13/18 14:19:40  9.04   0.26   0.13   0.046  7.83    10.7  19.5  11.85
03/13/18 14:19:39  9.04   0.26   0.13   0.062  7.83    10.7  19.1  11.81
03/13/18 14:19:41  9.04   0.26   0.13   0.068  7.84    10.7  19.9  11.91
03/13/18 14:19:42  9.04   0.26   0.13   0.082  7.84    10.7  20.4  11.89
03/13/18 14:19:43  9.04   0.26   0.13   0.100  7.84    10.7  20.8  11.92
03/13/18 14:19:44  9.04   0.26   0.13   0.111  7.84    10.8  21.1  11.88
03/13/18 14:19:45  9.04   0.26   0.13   0.131  7.84    10.7  21.4  11.89
03/13/18 14:19:46  9.04   0.26   0.13   0.149  7.84    10.7  21.7  11.91
03/13/18 14:19:50  9.04   0.26   0.13   0.163  7.84    10.6  21.9  11.87
03/13/18 14:19:47  9.04   0.26   0.13   0.166  7.84    10.7  21.8  11.89
03/13/18 14:19:49  9.04   0.26   0.13   0.176  7.85    10.7  21.9  11.88
03/13/18 14:19:48  9.04   0.26   0.13   0.179  7.84    10.7  21.9  11.90
03/13/18 14:19:51  9.04   0.26   0.13   0.183  7.84    10.6  21.8  11.88
03/13/18 14:19:52  9.03   0.26   0.13   0.222  7.85    10.6  21.7  11.91
03/13/18 14:19:53  9.04   0.26   0.13   0.251  7.85    10.6  21.5  11.97
03/13/18 14:19:54  9.04   0.26   0.13   0.272  7.85    10.6  21.4  12.00
03/13/18 14:19:55  9.04   0.26   0.13   0.283  7.86    10.6  21.3  12.04
03/13/18 14:19:56  9.04   0.26   0.13   0.299  7.85    10.6  21.1  12.06
03/13/18 14:19:57  9.04   0.26   0.13   0.325  7.86    10.6  21.0  12.06
03/13/18 14:19:58  9.04   0.26   0.13   0.335  7.86    10.6  21.0  12.00
03/13/18 14:19:59  9.04   0.26   0.13   0.339  7.86    10.6  20.9  11.98
03/13/18 14:20:00  9.04   0.26   0.13   0.357  7.87    10.7  21.0  11.97
03/13/18 14:20:01  9.04   0.26   0.13   0.393  7.87    10.7  21.0  11.99
03/13/18 14:20:02  9.04   0.27   0.13   0.427  7.86    10.7  21.2  12.03
03/13/18 14:20:03  9.04   0.26   0.13   0.429  7.86    10.7  21.4  12.02
03/13/18 14:20:04  9.04   0.26   0.13   0.435  7.87    10.7  21.6  12.01
03/13/18 14:20:05  9.04   0.26   0.13   0.435  7.87    10.6  22.0  11.96
03/13/18 14:20:06  9.04   0.26   0.13   0.477  7.87    10.6  22.4  11.93
03/13/18 14:20:07  9.04   0.26   0.13   0.515  7.87    10.6  22.8  11.90
03/13/18 14:20:08  9.03   0.26   0.13   0.519  7.87    10.5  23.2  11.90
03/13/18 14:20:09  9.03   0.26   0.13   0.527  7.87    10.5  23.7  11.87
03/13/18 14:20:10  9.03   0.27   0.13   0.538  7.87    10.5  24.2  11.89
03/13/18 14:20:11  9.03   0.26   0.13   0.567  7.87    10.4  24.6  11.87
03/13/18 14:20:12  9.03   0.26   0.13   0.584  7.88    10.4  25.1  11.89
03/13/18 14:20:13  9.03   0.26   0.13   0.605  7.88    10.4  25.5  11.88
03/13/18 14:20:14  9.02   0.26   0.13   0.628  7.88    10.4  25.8  11.88
03/13/18 14:20:15  9.02   0.26   0.13   0.644  7.88    10.4  26.1  11.89
03/13/18 14:20:16  9.02   0.26   0.13   0.654  7.88    10.5  26.3  11.91
03/13/18 14:20:17  9.01   0.26   0.13   0.676  7.89    10.5  26.5  11.90
03/13/18 14:20:18  9.01   0.26   0.13   0.709  7.89    10.5  26.7  11.89
03/13/18 14:20:19  9.01   0.26   0.13   0.723  7.89    10.6  26.8  11.87
03/13/18 14:20:20  9.00   0.26   0.13   0.731  7.89    10.6  26.8  11.88
03/13/18 14:20:21  9.00   0.26   0.13   0.758  7.89    10.6  26.9  11.87
03/13/18 14:20:22  9.00   0.26   0.13   0.780  7.89    10.7  26.9  11.88
03/13/18 14:20:23  9.01   0.26   0.13   0.807  7.89    10.7  26.9  11.86
03/13/18 14:20:24  9.02   0.26   0.13   0.830  7.89    10.8  26.9  11.86
03/13/18 14:20:25  9.01   0.26   0.13   0.833  7.89    10.8  27.0  11.86
03/13/18 14:20:26  9.00   0.26   0.13   0.839  7.90    10.9  26.9  11.86
03/13/18 14:20:27  9.00   0.26   0.13   0.869  7.90    11.0  26.9  11.86
03/13/18 14:20:28  8.99   0.26   0.13   0.907  7.89    11.1  26.9  11.86
03/13/18 14:20:29  8.99   0.26   0.13   0.937  7.89    11.2  26.9  11.86
03/13/18 14:20:30  8.99   0.26   0.13   0.958  7.89    11.3  26.8  11.86
03/13/18 14:20:31  8.99   0.26   0.13   0.964  7.89    11.4  26.8  11.84
03/13/18 14:20:32  8.99   0.26   0.13   0.972  7.90    11.5  26.7  11.83
03/13/18 14:20:33  8.99   0.26   0.13   0.985  7.90    11.6  26.6  11.82
03/13/18 14:20:34  8.99   0.26   0.13   1.013  7.90    11.7  26.6  11.82
03/13/18 14:20:35  8.98   0.26   0.13   1.040  7.90    11.7  26.6  11.82
03/13/18 14:20:36  8.98   0.26   0.13   1.060  7.90    11.7  26.5  11.82
03/13/18 14:20:37  8.98   0.26   0.13   1.077  7.90    11.7  26.5  11.82
03/13/18 14:20:38  8.98   0.26   0.13   1.098  7.90    11.6  26.6  11.84
03/13/18 14:20:39  8.99   0.26   0.13   1.104  7.91    11.5  26.6  11.85
03/13/18 14:20:40  8.99   0.26   0.13   1.109  7.91    11.3  26.8  11.82
03/13/18 14:20:41  8.99   0.26   0.13   1.127  7.91    11.2  26.9  11.84
03/13/18 14:20:42  8.99   0.26   0.13   1.160  7.91    11.0  27.1  11.86
03/13/18 14:20:43  9.00   0.26   0.13   1.197  7.91    10.9  27.3  11.85
03/13/18 14:20:44  9.00   0.26   0.13   1.216  7.91    10.7  27.5  11.85
03/13/18 14:20:45  9.00   0.26   0.13   1.231  7.91    10.6  27.7  11.85
03/13/18 14:20:46  9.00   0.26   0.13   1.234  7.91    10.4  27.9  11.85
03/13/18 14:20:47  8.99   0.26   0.13   1.254  7.91    10.3  28.0  11.85
03/13/18 14:20:48  8.99   0.26   0.13   1.283  7.91    10.3  28.2  11.85
03/13/18 14:20:49  8.99   0.26   0.13   1.316  7.91    10.3  28.2  11.84
03/13/18 14:20:50  8.98   0.26   0.13   1.330  7.91    10.3  28.3  11.83
03/13/18 14:20:51  8.99   0.26   0.13   1.336  7.91    10.3  28.2  11.87
03/13/18 14:20:52  8.99   0.26   0.13   1.351  7.91    10.3  28.1  11.88
03/13/18 14:20:53  8.99   0.26   0.13   1.367  7.91    10.3  27.9  11.87
03/13/18 14:20:54  8.99   0.26   0.13   1.391  7.91    10.4  27.7  11.88
03/13/18 14:20:55  8.99   0.26   0.13   1.404  7.91    10.4  27.5  11.87
03/13/18 14:20:56  8.99   0.26   0.13   1.427  7.91    10.4  27.2  11.86
03/13/18 14:20:57  8.99   0.26   0.13   1.461  7.91    10.5  26.9  11.83
03/13/18 14:20:58  8.99   0.26   0.13   1.476  7.91    10.5  26.6  11.83
03/13/18 14:20:59  8.99   0.26   0.13   1.489  7.91    10.4  26.4  11.84
03/13/18 14:21:00  8.99   0.26   0.13   1.500  7.91    10.4  26.2  11.83
03/13/18 14:21:01  8.99   0.26   0.13   1.512  7.91    10.4  26.0  11.83
03/13/18 14:21:02  8.99   0.26   0.13   1.531  7.91    10.4  25.9  11.80
03/13/18 14:21:03  9.00   0.26   0.13   1.562  7.91    10.4  25.9  11.81
03/13/18 14:21:04  9.00   0.26   0.13   1.585  7.91    10.4  26.0  11.83
03/13/18 14:21:05  9.00   0.26   0.13   1.594  7.91    10.4  26.1  11.79
03/13/18 14:21:06  9.00   0.26   0.13   1.617  7.91    10.4  26.2  11.82
03/13/18 14:21:07  9.00   0.26   0.13   1.644  7.91    10.5  26.4  11.84
03/13/18 14:21:08  9.00   0.26   0.13   1.668  7.91    10.6  26.7  11.86
03/13/18 14:21:09  9.01   0.26   0.13   1.682  7.91    10.7  26.9  11.87
03/13/18 14:21:10  9.01   0.26   0.13   1.695  7.91    10.8  27.1  11.84
03/13/18 14:21:11  9.01   0.26   0.13   1.715  7.91    10.9  27.3  11.84
03/13/18 14:21:12  9.01   0.26   0.13   1.735  7.91    11.0  27.5  11.82
03/13/18 14:21:13  9.01   0.26   0.13   1.755  7.91    11.1  27.6  11.81
03/13/18 14:21:14  9.01   0.26   0.13   1.779  7.91    11.2  27.6  11.78
03/13/18 14:21:15  9.01   0.26   0.13   1.807  7.91    11.3  27.6  11.77
03/13/18 14:21:16  9.01   0.26   0.13   1.815  7.91    11.3  27.6  11.75
03/13/18 14:21:17  9.01   0.26   0.13   1.834  7.91    11.3  27.5  11.72
03/13/18 14:21:18  9.00   0.26   0.13   1.855  7.91    11.2  27.3  11.76
03/13/18 14:21:19  9.00   0.26   0.13   1.872  7.91    11.2  27.1  11.76
03/13/18 14:21:20  8.99   0.26   0.13   1.891  7.91    11.1  27.0  11.76
03/13/18 14:21:21  8.99   0.26   0.13   1.918  7.92    11.1  26.8  11.76
03/13/18 14:21:22  8.99   0.26   0.13   1.931  7.92    11.0  26.6  11.74
03/13/18 14:21:23  8.99   0.26   0.13   1.954  7.92    10.9  26.5  11.74
03/13/18 14:21:25  8.99   0.26   0.13   1.983  7.92    10.8  26.4  11.74
03/13/18 14:21:24  8.99   0.26   0.13   1.988  7.92    10.9  26.4  11.74
03/13/18 14:21:26  8.98   0.26   0.13   1.998  7.92    10.8  26.4  11.74
03/13/18 14:21:27  8.98   0.26   0.13   2.019  7.92    10.8  26.5  11.75
03/13/18 14:21:28  8.98   0.26   0.13   2.051  7.92    10.9  26.7  11.77
03/13/18 14:21:29  8.98   0.26   0.13   2.096  7.92    10.9  26.9  11.78
03/13/18 14:21:31  8.98   0.26   0.13   2.117  7.92    11.1  27.3  11.80
03/13/18 14:21:30  8.98   0.26   0.13   2.119  7.92    11.0  27.1  11.81
03/13/18 14:21:32  8.98   0.26   0.13   2.119  7.92    11.1  27.5  11.81
03/13/18 14:21:33  8.98   0.26   0.13   2.150  7.92    11.1  27.7  11.79
03/13/18 14:21:34  8.98   0.26   0.13   2.182  7.92    11.2  27.9  11.81
03/13/18 14:21:35  8.98   0.26   0.13   2.194  7.92    11.2  28.0  11.82
03/13/18 14:21:36  8.98   0.26   0.13   2.212  7.92    11.1  28.2  11.81
03/13/18 14:21:37  8.98   0.26   0.13   2.228  7.92    11.1  28.2  11.82
03/13/18 14:21:38  8.98   0.26   0.13   2.239  7.92    11.0  28.2  11.84
03/13/18 14:21:39  8.98   0.26   0.13   2.259  7.92    11.0  28.2  11.84
03/13/18 14:21:40  8.98   0.26   0.13   2.268  7.92    10.9  28.1  11.85
03/13/18 14:21:41  8.98   0.26   0.13   2.304  7.92    10.8  28.0  11.87
03/13/18 14:21:42  8.98   0.26   0.13   2.337  7.92    10.8  27.9  11.92
03/13/18 14:21:43  8.98   0.26   0.13   2.343  7.92    10.8  27.8  11.99
03/13/18 14:21:44  8.98   0.26   0.13   2.359  7.92    10.8  27.7  11.96
03/13/18 14:21:45  8.98   0.26   0.13   2.383  7.93    10.8  27.6  11.93
03/13/18 14:21:46  8.98   0.26   0.13   2.392  7.93    10.9  27.5  11.93
03/13/18 14:21:47  8.98   0.26   0.13   2.425  7.93    11.0  27.5  11.97
03/13/18 14:21:48  8.97   0.26   0.13   2.441  7.93    11.1  27.4  11.97
03/13/18 14:21:49  8.97   0.26   0.13   2.457  7.93    11.2  27.3  11.99
03/13/18 14:21:50  8.97   0.26   0.13   2.487  7.93    11.3  27.3  12.03
03/13/18 14:21:51  8.96   0.26   0.13   2.491  7.93    11.4  27.3  12.02
03/13/18 14:21:52  8.96   0.26   0.13   2.518  7.93    11.4  27.3  12.02
03/13/18 14:21:53  8.96   0.26   0.13   2.554  7.93    11.5  27.2  12.07
03/13/18 14:21:55  8.96   0.26   0.13   2.564  7.93    11.4  27.2  12.04
03/13/18 14:21:54  8.96   0.26   0.13   2.568  7.93    11.5  27.2  12.10
03/13/18 14:21:56  8.94   0.27   0.13   2.583  7.93    11.4  27.2  12.04
03/13/18 14:21:57  8.93   0.26   0.13   2.602  7.93    11.3  27.2  12.01
03/13/18 14:21:58  8.93   0.27   0.13   2.625  7.93    11.2  27.3  12.04
03/13/18 14:21:59  8.95   0.26   0.13   2.641  7.93    11.2  27.4  12.05
03/13/18 14:22:00  8.96   0.26   0.13   2.674  7.93    11.1  27.4  12.05
03/13/18 14:22:01  8.95   0.26   0.13   2.691  7.93    11.0  27.5  12.04
03/13/18 14:22:02  8.95   0.26   0.13   2.708  7.93    11.0  27.7  11.98
03/13/18 14:22:03  8.95   0.26   0.13   2.718  7.93    11.0  27.8  12.03
03/13/18 14:22:04  8.95   0.26   0.13   2.733  7.93    11.0  27.9  12.00
03/13/18 14:22:05  8.96   0.26   0.13   2.751  7.93    11.1  28.1  11.95
03/13/18 14:22:06  8.98   0.26   0.13   2.781  7.93    11.1  28.2  11.94
03/13/18 14:22:07  8.98   0.26   0.13   2.791  7.93    11.2  28.3  11.95
03/13/18 14:22:08  8.99   0.26   0.13   2.825  7.93    11.3  28.3  11.95
03/13/18 14:22:09  8.99   0.26   0.13   2.836  7.93    11.4  28.4  11.97
03/13/18 14:22:10  8.98   0.26   0.13   2.851  7.93    11.4  28.3  11.97
03/13/18 14:22:11  8.98   0.26   0.13   2.861  7.93    11.4  28.3  11.93
03/13/18 14:22:12  8.97   0.26   0.13   2.893  7.93    11.4  28.2  11.96
03/13/18 14:22:13  8.97   0.26   0.13   2.927  7.93    11.4  28.0  12.01
03/13/18 14:22:14  8.97   0.26   0.13   2.937  7.93    11.3  27.9  12.01
03/13/18 14:22:15  8.97   0.26   0.13   2.961  7.93    11.2  27.7  12.01
03/13/18 14:22:16  8.97   0.26   0.13   2.965  7.93    11.0  27.5  11.99
03/13/18 14:22:17  8.97   0.27   0.13   2.986  7.93    10.8  27.4  11.99
03/13/18 14:22:18  8.97   0.26   0.13   3.005  7.93    10.6  27.3  11.98
03/13/18 14:22:19  8.96   0.26   0.13   3.049  7.93    10.4  27.2  11.98
03/13/18 14:22:20  8.96   0.26   0.13   3.063  7.93    10.3  27.1  11.97
03/13/18 14:22:21  8.96   0.26   0.13   3.067  7.93    10.1  27.1  11.96
03/13/18 14:22:22  8.96   0.26   0.13   3.080  7.93    10.0  27.1  11.94
03/13/18 14:22:23  8.96   0.27   0.13   3.116  7.93     9.8  27.2  11.93
03/13/18 14:22:24  8.96   0.26   0.13   3.125  7.93     9.8  27.2  11.92
03/13/18 14:22:25  8.96   0.26   0.13   3.144  7.93     9.7  27.3  11.92
03/13/18 14:22:26  8.96   0.26   0.13   3.170  7.93     9.7  27.4  11.91
03/13/18 14:22:27  8.96   0.27   0.13   3.182  7.93     9.7  27.5  11.91
03/13/18 14:22:28  8.96   0.26   0.13   3.199  7.93     9.7  27.6  11.91
03/13/18 14:22:29  8.96   0.26   0.13   3.223  7.93     9.8  27.7  11.91
03/13/18 14:22:30  8.96   0.26   0.13   3.237  7.93     9.9  27.8  11.88
03/13/18 14:22:31  8.96   0.26   0.13   3.264  7.93     9.9  27.8  11.87
03/13/18 14:22:32  8.96   0.27   0.13   3.283  7.93    10.0  27.8  11.87
03/13/18 14:22:33  8.96   0.26   0.13   3.291  7.93    10.1  27.8  11.85
03/13/18 14:22:34  8.96   0.27   0.13   3.310  7.93    10.2  27.8  11.85
03/13/18 14:22:35  8.95   0.27   0.13   3.328  7.93    10.3  27.8  11.85
03/13/18 14:22:36  8.95   0.26   0.13   3.368  7.93    10.4  27.7  11.85
03/13/18 14:22:37  8.94   0.26   0.13   3.380  7.93    10.6  27.7  11.85
03/13/18 14:22:38  8.94   0.26   0.13   3.393  7.93    10.7  27.7  11.84
03/13/18 14:22:39  8.94   0.26   0.13   3.421  7.94    10.8  27.7  11.85
03/13/18 14:22:40  8.93   0.27   0.13   3.443  7.94    10.9  27.7  11.86
03/13/18 14:22:41  8.93   0.27   0.13   3.466  7.94    11.0  27.7  11.86
03/13/18 14:22:42  8.93   0.26   0.13   3.476  7.94    11.1  27.8  11.87
03/13/18 14:22:43  8.93   0.27   0.13   3.492  7.94    11.1  27.9  11.88
03/13/18 14:22:44  8.92   0.26   0.13   3.510  7.94    11.2  28.0  11.91
03/13/18 14:22:45  8.92   0.27   0.13   3.520  7.94    11.2  28.1  11.91
03/13/18 14:22:46  8.91   0.27   0.13   3.555  7.94    11.1  28.3  11.91
03/13/18 14:22:47  8.91   0.27   0.13   3.580  7.94    11.1  28.4  11.90
03/13/18 14:22:48  8.91   0.27   0.13   3.595  7.94    11.0  28.5  11.88
03/13/18 14:22:49  8.91   0.27   0.13   3.626  7.94    10.9  28.6  11.88
03/13/18 14:22:50  8.91   0.27   0.13   3.642  7.94    10.8  28.7  11.88
03/13/18 14:22:51  8.91   0.27   0.13   3.655  7.94    10.7  28.8  11.87
03/13/18 14:22:52  8.91   0.27   0.13   3.666  7.94    10.6  28.9  11.88
03/13/18 14:22:53  8.90   0.26   0.13   3.681  7.94    10.4  28.9  11.88
03/13/18 14:22:54  8.91   0.27   0.13   3.701  7.94    10.3  28.9  11.87
03/13/18 14:22:55  8.90   0.26   0.13   3.728  7.94    10.2  28.9  11.88
03/13/18 14:22:56  8.90   0.27   0.13   3.735  7.94    10.2  28.8  11.86
03/13/18 14:22:57  8.90   0.27   0.13   3.755  7.94    10.2  28.7  11.83
03/13/18 14:22:58  8.90   0.26   0.13   3.771  7.94    10.2  28.6  11.82
03/13/18 14:22:59  8.90   0.27   0.13   3.792  7.94    10.2  28.5  11.82
03/13/18 14:23:00  8.91   0.27   0.13   3.828  7.94    10.2  28.3  11.84
03/13/18 14:23:01  8.91   0.27   0.13   3.856  7.93    10.3  28.2  11.82
03/13/18 14:23:02  8.91   0.26   0.13   3.875  7.93    10.4  28.0  11.78
03/13/18 14:23:03  8.91   0.26   0.13   3.888  7.93    10.5  27.9  11.75
03/13/18 14:23:04  8.91   0.27   0.13   3.909  7.93    10.6  27.7  11.71
03/13/18 14:23:05  8.90   0.27   0.13   3.922  7.93    10.7  27.6  11.68
03/13/18 14:23:06  8.90   0.27   0.13   3.936  7.93    10.8  27.5  11.71
03/13/18 14:23:07  8.91   0.26   0.13   3.954  7.93    10.9  27.4  11.73
03/13/18 14:23:08  8.91   0.27   0.13   3.983  7.93    10.9  27.4  11.76
03/13/18 14:23:09  8.91   0.26   0.13   4.000  7.93    11.0  27.4  11.76
03/13/18 14:23:10  8.91   0.26   0.13   4.014  7.93    11.0  27.4  11.77
03/13/18 14:23:11  8.91   0.26   0.13   4.028  7.93    11.0  27.5  11.76
03/13/18 14:23:12  8.91   0.26   0.13   4.042  7.93    11.0  27.5  11.78
03/13/18 14:23:13  8.91   0.26   0.13   4.080  7.93    11.0  27.5  11.79
03/13/18 14:23:14  8.91   0.27   0.13   4.094  7.93    10.9  27.6  11.80
03/13/18 14:23:15  8.91   0.26   0.13   4.110  7.93    10.8  27.6  11.82
03/13/18 14:23:16  8.91   0.26   0.13   4.140  7.93    10.7  27.6  11.83
03/13/18 14:23:17  8.91   0.27   0.13   4.157  7.93    10.6  27.6  11.84
03/13/18 14:23:18  8.91   0.27   0.13   4.161  7.93    10.5  27.5  11.83
03/13/18 14:23:19  8.91   0.26   0.13   4.188  7.93    10.4  27.5  11.80
03/13/18 14:23:20  8.92   0.27   0.13   4.215  7.93    10.3  27.4  11.80
03/13/18 14:23:21  8.91   0.27   0.13   4.224  7.93    10.2  27.3  11.78
03/13/18 14:23:22  8.91   0.27   0.13   4.236  7.93    10.1  27.2  11.76
03/13/18 14:23:23  8.91   0.26   0.13   4.255  7.93    10.1  27.2  11.79
03/13/18 14:23:24  8.90   0.26   0.13   4.283  7.93    10.1  27.1  11.79
03/13/18 14:23:25  8.90   0.26   0.13   4.304  7.93    10.1  27.1  11.80
03/13/18 14:23:26  8.90   0.26   0.13   4.323  7.93    10.1  27.1  11.80
03/13/18 14:23:27  8.90   0.26   0.13   4.335  7.93    10.1  27.1  11.79
03/13/18 14:23:28  8.90   0.27   0.13   4.358  7.93    10.1  27.1  11.80
03/13/18 14:23:29  8.89   0.27   0.13   4.394  7.93    10.2  27.1  11.81
03/13/18 14:23:30  8.89   0.27   0.13   4.409  7.93    10.2  27.2  11.81
03/13/18 14:23:31  8.89   0.27   0.13   4.430  7.93    10.3  27.3  11.81
03/13/18 14:23:32  8.89   0.27   0.13   4.466  7.93    10.3  27.3  11.84
03/13/18 14:23:33  8.88   0.27   0.13   4.471  7.93    10.4  27.5  11.80
03/13/18 14:23:34  8.87   0.27   0.13   4.471  7.93    10.4  27.6  11.77
03/13/18 14:23:35  8.87   0.27   0.13   4.500  7.92    10.5  27.7  11.78
03/13/18 14:23:36  8.86   0.27   0.13   4.517  7.93    10.6  27.9  11.78
03/13/18 14:23:37  8.86   0.27   0.13   4.524  7.93    10.7  28.1  11.77
03/13/18 14:23:38  8.86   0.27   0.13   4.558  7.93    10.8  28.2  11.77
03/13/18 14:23:39  8.86   0.27   0.13   4.585  7.93    11.0  28.4  11.79
03/13/18 14:23:40  8.86   0.27   0.13   4.604  7.93    11.2  28.6  11.81
03/13/18 14:23:41  8.86   0.27   0.13   4.616  7.93    11.3  28.8  11.84
03/13/18 14:23:42  8.86   0.27   0.13   4.642  7.93    11.5  29.0  11.91
03/13/18 14:23:46  8.85   0.27   0.13   4.647  7.93    11.9  29.4  11.98
03/13/18 14:23:44  8.86   0.27   0.13   4.657  7.93    11.8  29.2  11.99
03/13/18 14:23:45  8.85   0.27   0.13   4.657  7.93    11.9  29.3  11.98
03/13/18 14:23:43  8.86   0.27   0.13   4.660  7.93    11.7  29.1  11.96
03/13/18 14:23:47  8.85   0.27   0.13   4.662  7.93    11.9  29.4  11.97
03/13/18 14:23:55  8.85   0.27   0.13   4.662  7.93     9.9  28.3  12.03
03/13/18 14:23:51  8.85   0.27   0.13   4.663  7.93    11.3  29.0  11.98
03/13/18 14:23:52  8.85   0.26   0.13   4.664  7.93    11.0  28.8  11.99
03/13/18 14:23:50  8.85   0.27   0.13   4.665  7.93    11.5  29.1  11.97
03/13/18 14:23:48  8.86   0.27   0.13   4.668  7.93    11.9  29.3  11.94
03/13/18 14:23:49  8.86   0.27   0.13   4.668  7.93    11.7  29.2  11.94
03/13/18 14:23:53  8.86   0.27   0.13   4.668  7.93    10.6  28.6  12.02
03/13/18 14:23:54  8.86   0.27   0.13   4.668  7.93    10.2  28.5  12.03
