
Profile Time: 00:00:01
Profile Date: 03/15/2018
Profile Location: jlnewhope Serial no: : 0001A093, ID: : GreyTape310
Sonde data Status: Unfiltered, VisualCheck
Data Status: , PostCal
03/15/18 00:00:05  8.63   0.26   0.13   0.001  8.21    11.6  30.9  12.12
03/15/18 00:00:06  8.63   0.26   0.13   0.001  8.20    11.9  31.6  12.14
03/15/18 00:00:08  8.63   0.26   0.13   0.001  8.21    12.4  32.7  12.12
03/15/18 00:00:09  8.62   0.26   0.13   0.001  8.21    12.6  33.1  12.13
03/15/18 00:00:10  8.61   0.26   0.13   0.001  8.21    12.7  33.3  12.15
03/15/18 00:00:11  8.60   0.26   0.13   0.001  8.21    12.8  33.4  12.15
03/15/18 00:00:13  8.60   0.26   0.13   0.001  8.21    12.9  33.2  12.16
03/15/18 00:00:14  8.60   0.26   0.13   0.001  8.21    12.8  33.0  12.16
03/15/18 00:00:15  8.61   0.26   0.13   0.001  8.21    12.7  32.7  12.13
03/15/18 00:00:16  8.62   0.26   0.13   0.001  8.21    12.6  32.4  12.13
03/15/18 00:00:17  8.62   0.26   0.13   0.001  8.21    12.4  32.1  12.12
03/15/18 00:00:18  8.63   0.26   0.13   0.001  8.21    12.2  31.7  12.12
03/15/18 00:00:02  8.62   0.26   0.13   0.002  8.20    10.6  28.3  12.17
03/15/18 00:00:03  8.63   0.26   0.13   0.002  8.21    11.0  29.2  12.13
03/15/18 00:00:04  8.63   0.26   0.13   0.002  8.20    11.3  30.0  12.11
03/15/18 00:00:07  8.63   0.26   0.13   0.002  8.20    12.1  32.2  12.14
03/15/18 00:00:12  8.60   0.26   0.13   0.002  8.21    12.9  33.3  12.15
03/15/18 00:00:19  8.64   0.26   0.13   0.002  8.21    12.0  31.4  12.13
03/15/18 00:00:20  8.64   0.26   0.13   0.019  8.21    11.7  31.1  12.13
03/15/18 00:00:22  8.64   0.26   0.13   0.046  8.21    11.5  30.8  12.16
03/15/18 00:00:23  8.64   0.26   0.13   0.064  8.21    11.3  30.6  12.21
03/15/18 00:00:26  8.64   0.26   0.13   0.113  8.21    11.1  30.4  12.29
03/15/18 00:00:27  8.64   0.26   0.13   0.128  8.21    11.0  30.3  12.35
03/15/18 00:00:28  8.63   0.26   0.13   0.144  8.21    10.8  30.2  12.32
03/15/18 00:00:29  8.64   0.26   0.13   0.161  8.22    10.7  30.1  12.35
03/15/18 00:00:30  8.64   0.26   0.13   0.177  8.22    10.7  30.1  12.35
03/15/18 00:00:31  8.64   0.26   0.13   0.187  8.22    10.7  30.2  12.37
03/15/18 00:00:32  8.65   0.26   0.13   0.204  8.22    10.7  30.3  12.40
03/15/18 00:00:33  8.65   0.26   0.13   0.222  8.22    10.8  30.4  12.38
03/15/18 00:00:34  8.65   0.26   0.13   0.239  8.22    10.9  30.5  12.37
03/15/18 00:00:35  8.65   0.26   0.13   0.250  8.22    11.0  30.6  12.37
03/15/18 00:00:36  8.66   0.26   0.13   0.266  8.22    11.1  30.7  12.38
03/15/18 00:00:37  8.66   0.26   0.13   0.282  8.22    11.2  30.8  12.40
03/15/18 00:00:38  8.66   0.26   0.13   0.299  8.22    11.4  30.9  12.39
03/15/18 00:00:39  8.65   0.26   0.13   0.311  8.22    11.5  31.0  12.39
03/15/18 00:00:40  8.66   0.26   0.13   0.328  8.22    11.6  31.1  12.40
03/15/18 00:00:41  8.66   0.26   0.13   0.349  8.21    11.8  31.1  12.44
03/15/18 00:00:42  8.65   0.26   0.13   0.366  8.22    11.9  31.1  12.47
03/15/18 00:00:43  8.65   0.26   0.13   0.385  8.22    12.0  31.1  12.44
03/15/18 00:00:44  8.65   0.26   0.13   0.402  8.22    12.0  31.2  12.38
03/15/18 00:00:45  8.65   0.26   0.13   0.403  8.22    12.1  31.2  12.33
03/15/18 00:00:46  8.65   0.26   0.13   0.404  8.22    12.1  31.2  12.32
03/15/18 00:00:47  8.64   0.26   0.13   0.412  8.22    12.1  31.3  12.28
03/15/18 00:00:48  8.65   0.26   0.13   0.484  8.21    12.1  31.3  12.30
03/15/18 00:00:49  8.66   0.26   0.13   0.503  8.20    12.1  31.4  12.28
03/15/18 00:00:50  8.66   0.26   0.13   0.522  8.20    12.1  31.5  12.28
03/15/18 00:00:51  8.67   0.26   0.13   0.540  8.20    12.1  31.6  12.25
03/15/18 00:00:52  8.67   0.26   0.13   0.560  8.20    12.0  31.8  12.23
03/15/18 00:00:53  8.67   0.26   0.13   0.578  8.20    11.9  31.9  12.23
03/15/18 00:00:54  8.67   0.26   0.13   0.598  8.20    11.9  32.0  12.23
03/15/18 00:00:55  8.68   0.26   0.13   0.616  8.20    11.8  32.0  12.21
03/15/18 00:00:56  8.68   0.26   0.13   0.635  8.20    11.8  32.1  12.20
03/15/18 00:00:57  8.68   0.26   0.13   0.656  8.21    11.7  32.1  12.21
03/15/18 00:00:58  8.67   0.26   0.13   0.675  8.21    11.7  32.1  12.27
03/15/18 00:00:59  8.67   0.26   0.13   0.694  8.21    11.6  32.0  12.27
03/15/18 00:01:00  8.67   0.26   0.13   0.714  8.21    11.6  32.0  12.27
03/15/18 00:01:01  8.67   0.27   0.13   0.734  8.21    11.6  31.9  12.24
03/15/18 00:01:02  8.67   0.26   0.13   0.752  8.21    11.7  31.8  12.24
03/15/18 00:01:03  8.67   0.26   0.13   0.772  8.21    11.7  31.7  12.22
03/15/18 00:01:04  8.67   0.27   0.13   0.792  8.21    11.8  31.7  12.21
03/15/18 00:01:05  8.67   0.26   0.13   0.811  8.21    11.8  31.6  12.20
03/15/18 00:01:06  8.67   0.26   0.13   0.830  8.22    11.9  31.5  12.21
03/15/18 00:01:07  8.67   0.26   0.13   0.850  8.22    11.9  31.4  12.22
03/15/18 00:01:08  8.68   0.26   0.13   0.869  8.22    11.9  31.4  12.23
03/15/18 00:01:09  8.68   0.26   0.13   0.887  8.22    11.9  31.3  12.21
03/15/18 00:01:10  8.68   0.26   0.13   0.907  8.22    12.0  31.3  12.21
03/15/18 00:01:11  8.68   0.26   0.13   0.927  8.22    11.9  31.2  12.21
03/15/18 00:01:13  8.68   0.26   0.13   0.966  8.22    11.9  31.2  12.20
03/15/18 00:01:14  8.68   0.26   0.13   0.986  8.22    11.9  31.2  12.20
03/15/18 00:01:15  8.68   0.27   0.13   1.005  8.22    11.9  31.1  12.22
03/15/18 00:01:16  8.69   0.26   0.13   1.023  8.22    11.8  31.0  12.19
03/15/18 00:01:17  8.68   0.26   0.13   1.043  8.22    11.8  31.0  12.19
03/15/18 00:01:18  8.68   0.26   0.13   1.063  8.22    11.8  30.9  12.19
03/15/18 00:01:19  8.68   0.26   0.13   1.082  8.23    11.7  30.8  12.18
03/15/18 00:01:20  8.68   0.26   0.13   1.100  8.23    11.7  30.7  12.19
03/15/18 00:01:21  8.68   0.26   0.13   1.121  8.23    11.7  30.6  12.19
03/15/18 00:01:22  8.68   0.26   0.13   1.140  8.23    11.7  30.5  12.18
03/15/18 00:01:23  8.67   0.26   0.13   1.158  8.23    11.7  30.4  12.16
03/15/18 00:01:24  8.67   0.26   0.13   1.176  8.23    11.6  30.3  12.14
03/15/18 00:01:25  8.67   0.26   0.13   1.197  8.23    11.6  30.3  12.15
03/15/18 00:01:26  8.67   0.26   0.13   1.216  8.23    11.5  30.2  12.16
03/15/18 00:01:27  8.67   0.27   0.13   1.236  8.23    11.4  30.1  12.14
03/15/18 00:01:28  8.67   0.27   0.13   1.256  8.23    11.2  30.1  12.15
03/15/18 00:01:29  8.67   0.26   0.13   1.275  8.23    11.0  30.1  12.16
03/15/18 00:01:30  8.67   0.26   0.13   1.293  8.23    10.8  30.1  12.17
03/15/18 00:01:31  8.67   0.26   0.13   1.312  8.23    10.6  30.2  12.18
03/15/18 00:01:32  8.67   0.26   0.13   1.333  8.23    10.4  30.3  12.19
03/15/18 00:01:33  8.67   0.26   0.13   1.350  8.23    10.2  30.4  12.18
03/15/18 00:01:34  8.67   0.26   0.13   1.368  8.23    10.1  30.6  12.18
03/15/18 00:01:35  8.67   0.26   0.13   1.388  8.23    10.0  30.7  12.19
03/15/18 00:01:36  8.67   0.26   0.13   1.406  8.23     9.9  30.9  12.20
03/15/18 00:01:37  8.67   0.26   0.13   1.424  8.23     9.9  31.1  12.21
03/15/18 00:01:38  8.67   0.26   0.13   1.444  8.23     9.9  31.3  12.19
03/15/18 00:01:39  8.67   0.26   0.13   1.463  8.24    10.0  31.5  12.16
03/15/18 00:01:40  8.67   0.26   0.13   1.479  8.24    10.1  31.6  12.15
03/15/18 00:01:41  8.67   0.26   0.13   1.497  8.24    10.3  31.8  12.15
03/15/18 00:01:42  8.67   0.26   0.13   1.519  8.24    10.5  31.9  12.15
03/15/18 00:01:43  8.67   0.26   0.13   1.537  8.24    10.7  32.0  12.17
03/15/18 00:01:44  8.67   0.26   0.13   1.552  8.24    10.9  32.1  12.17
03/15/18 00:01:45  8.67   0.26   0.13   1.574  8.24    11.1  32.1  12.14
03/15/18 00:01:46  8.67   0.26   0.13   1.594  8.23    11.3  32.1  12.13
03/15/18 00:01:47  8.67   0.26   0.13   1.612  8.23    11.4  32.1  12.14
03/15/18 00:01:48  8.67   0.26   0.13   1.630  8.23    11.5  32.1  12.14
03/15/18 00:01:49  8.67   0.26   0.13   1.652  8.23    11.5  32.1  12.15
03/15/18 00:01:50  8.68   0.26   0.13   1.671  8.23    11.5  32.1  12.15
03/15/18 00:01:51  8.68   0.26   0.13   1.689  8.23    11.4  32.1  12.14
03/15/18 00:01:52  8.67   0.26   0.13   1.710  8.23    11.3  32.0  12.13
03/15/18 00:01:53  8.67   0.26   0.13   1.730  8.24    11.2  32.0  12.12
03/15/18 00:01:54  8.67   0.26   0.13   1.748  8.24    11.1  32.0  12.12
03/15/18 00:01:55  8.67   0.27   0.13   1.768  8.24    11.1  32.1  12.12
03/15/18 00:01:56  8.67   0.26   0.13   1.789  8.24    11.0  32.1  12.13
03/15/18 00:01:57  8.67   0.27   0.13   1.808  8.24    11.0  32.2  12.12
03/15/18 00:01:58  8.67   0.26   0.13   1.825  8.24    11.1  32.2  12.12
03/15/18 00:01:59  8.67   0.26   0.13   1.846  8.24    11.2  32.3  12.10
03/15/18 00:02:00  8.67   0.26   0.13   1.867  8.24    11.3  32.4  12.09
03/15/18 00:02:01  8.67   0.26   0.13   1.883  8.24    11.4  32.5  12.12
03/15/18 00:02:02  8.67   0.26   0.13   1.902  8.24    11.5  32.5  12.13
03/15/18 00:02:03  8.67   0.26   0.13   1.924  8.24    11.6  32.5  12.13
03/15/18 00:02:04  8.68   0.27   0.13   1.943  8.24    11.7  32.5  12.12
03/15/18 00:02:05  8.68   0.26   0.13   1.962  8.24    11.7  32.5  12.09
03/15/18 00:02:06  8.68   0.26   0.13   1.983  8.24    11.7  32.4  12.09
03/15/18 00:02:07  8.68   0.26   0.13   2.004  8.24    11.7  32.3  12.07
03/15/18 00:02:08  8.69   0.26   0.13   2.021  8.24    11.6  32.1  12.05
03/15/18 00:02:09  8.69   0.26   0.13   2.040  8.24    11.5  31.9  12.04
03/15/18 00:02:10  8.69   0.27   0.13   2.060  8.24    11.4  31.7  12.06
03/15/18 00:02:11  8.68   0.27   0.13   2.080  8.24    11.3  31.4  12.05
03/15/18 00:02:12  8.68   0.26   0.13   2.098  8.24    11.2  31.2  12.04
03/15/18 00:02:13  8.68   0.26   0.13   2.118  8.24    11.2  30.9  12.08
03/15/18 00:02:14  8.68   0.26   0.13   2.137  8.24    11.2  30.7  12.09
03/15/18 00:02:15  8.68   0.26   0.13   2.156  8.24    11.3  30.5  12.12
03/15/18 00:02:16  8.67   0.26   0.13   2.174  8.24    11.4  30.3  12.14
03/15/18 00:02:17  8.67   0.26   0.13   2.194  8.24    11.5  30.2  12.14
03/15/18 00:02:18  8.67   0.26   0.13   2.214  8.24    11.7  30.2  12.15
03/15/18 00:02:19  8.67   0.27   0.13   2.232  8.24    11.9  30.2  12.14
03/15/18 00:02:20  8.67   0.26   0.13   2.252  8.24    12.2  30.2  12.15
03/15/18 00:02:21  8.67   0.27   0.13   2.272  8.24    12.4  30.3  12.15
03/15/18 00:02:22  8.67   0.26   0.13   2.290  8.24    12.6  30.5  12.15
03/15/18 00:02:23  8.67   0.26   0.13   2.310  8.24    12.7  30.7  12.15
03/15/18 00:02:24  8.67   0.26   0.13   2.330  8.24    12.8  30.9  12.15
03/15/18 00:02:25  8.67   0.26   0.13   2.347  8.24    12.8  31.1  12.15
03/15/18 00:02:26  8.67   0.27   0.13   2.366  8.24    12.8  31.3  12.15
03/15/18 00:02:27  8.67   0.26   0.13   2.385  8.24    12.7  31.5  12.14
03/15/18 00:02:28  8.67   0.26   0.13   2.406  8.24    12.5  31.6  12.17
03/15/18 00:02:29  8.67   0.26   0.13   2.423  8.24    12.4  31.7  12.21
03/15/18 00:02:30  8.67   0.26   0.13   2.444  8.24    12.2  31.8  12.19
03/15/18 00:02:31  8.67   0.26   0.13   2.464  8.24    12.0  31.8  12.22
03/15/18 00:02:32  8.67   0.26   0.13   2.483  8.24    11.8  31.8  12.24
03/15/18 00:02:33  8.67   0.26   0.13   2.501  8.24    11.6  31.8  12.21
03/15/18 00:02:34  8.67   0.27   0.13   2.521  8.24    11.5  31.8  12.20
03/15/18 00:02:35  8.67   0.27   0.13   2.541  8.24    11.3  31.7  12.19
03/15/18 00:02:36  8.67   0.26   0.13   2.560  8.24    11.2  31.6  12.18
03/15/18 00:02:37  8.67   0.26   0.13   2.580  8.24    11.1  31.6  12.18
03/15/18 00:02:38  8.67   0.26   0.13   2.599  8.24    11.1  31.6  12.21
03/15/18 00:02:39  8.67   0.27   0.13   2.619  8.24    11.0  31.5  12.19
03/15/18 00:02:40  8.67   0.26   0.13   2.636  8.24    11.0  31.6  12.18
03/15/18 00:02:41  8.67   0.26   0.13   2.656  8.24    10.9  31.6  12.21
03/15/18 00:02:42  8.67   0.27   0.13   2.675  8.24    10.9  31.7  12.24
03/15/18 00:02:43  8.67   0.26   0.13   2.696  8.24    10.9  31.8  12.26
03/15/18 00:02:44  8.66   0.27   0.13   2.714  8.24    10.8  31.9  12.31
03/15/18 00:02:45  8.66   0.27   0.13   2.733  8.24    10.8  32.0  12.36
03/15/18 00:02:46  8.66   0.27   0.13   2.753  8.24    10.8  32.1  12.35
03/15/18 00:02:47  8.65   0.27   0.13   2.772  8.24    10.8  32.2  12.30
03/15/18 00:02:48  8.65   0.27   0.13   2.791  8.24    10.7  32.3  12.30
03/15/18 00:02:49  8.65   0.26   0.13   2.810  8.24    10.7  32.3  12.28
03/15/18 00:02:50  8.65   0.27   0.13   2.830  8.24    10.7  32.3  12.28
03/15/18 00:02:51  8.65   0.26   0.13   2.849  8.24    10.7  32.2  12.29
03/15/18 00:02:52  8.65   0.26   0.13   2.867  8.24    10.7  32.1  12.26
03/15/18 00:02:53  8.65   0.27   0.13   2.886  8.24    10.7  31.9  12.25
03/15/18 00:02:54  8.65   0.26   0.13   2.907  8.24    10.7  31.6  12.22
03/15/18 00:02:55  8.66   0.26   0.13   2.926  8.24    10.8  31.3  12.19
03/15/18 00:02:56  8.66   0.26   0.13   2.944  8.24    10.8  31.0  12.17
03/15/18 00:02:57  8.66   0.26   0.13   2.963  8.24    10.8  30.7  12.16
03/15/18 00:02:58  8.66   0.27   0.13   2.983  8.24    10.8  30.4  12.16
03/15/18 00:02:59  8.66   0.27   0.13   3.002  8.24    10.8  30.1  12.15
03/15/18 00:03:00  8.66   0.26   0.13   3.021  8.24    10.8  29.9  12.16
03/15/18 00:03:01  8.66   0.26   0.13   3.041  8.24    10.8  29.8  12.19
03/15/18 00:03:02  8.66   0.27   0.13   3.062  8.24    10.7  29.7  12.20
03/15/18 00:03:03  8.66   0.26   0.13   3.079  8.24    10.7  29.8  12.19
03/15/18 00:03:04  8.66   0.27   0.13   3.098  8.24    10.7  29.9  12.20
03/15/18 00:03:05  8.66   0.26   0.13   3.118  8.24    10.6  30.1  12.20
03/15/18 00:03:06  8.66   0.26   0.13   3.137  8.24    10.6  30.3  12.19
03/15/18 00:03:07  8.66   0.26   0.13   3.156  8.24    10.5  30.5  12.16
03/15/18 00:03:08  8.66   0.26   0.13   3.175  8.24    10.5  30.7  12.17
03/15/18 00:03:09  8.66   0.26   0.13   3.194  8.24    10.4  30.9  12.15
03/15/18 00:03:10  8.65   0.26   0.13   3.213  8.24    10.4  31.1  12.16
03/15/18 00:03:11  8.65   0.27   0.13   3.234  8.24    10.4  31.2  12.16
03/15/18 00:03:12  8.65   0.26   0.13   3.252  8.24    10.4  31.3  12.16
03/15/18 00:03:13  8.65   0.26   0.13   3.270  8.24    10.5  31.3  12.16
03/15/18 00:03:14  8.65   0.27   0.13   3.290  8.24    10.6  31.3  12.15
03/15/18 00:03:15  8.65   0.26   0.13   3.311  8.24    10.7  31.3  12.15
03/15/18 00:03:16  8.65   0.26   0.13   3.329  8.24    10.9  31.2  12.16
03/15/18 00:03:17  8.65   0.26   0.13   3.348  8.24    11.1  31.1  12.15
03/15/18 00:03:18  8.66   0.26   0.13   3.368  8.24    11.3  31.0  12.16
03/15/18 00:03:19  8.66   0.26   0.13   3.389  8.24    11.6  31.0  12.14
03/15/18 00:03:20  8.66   0.27   0.13   3.407  8.24    11.8  31.0  12.14
03/15/18 00:03:21  8.66   0.26   0.13   3.427  8.24    12.1  31.0  12.14
03/15/18 00:03:22  8.66   0.26   0.13   3.446  8.24    12.3  31.0  12.14
03/15/18 00:03:23  8.66   0.26   0.13   3.468  8.24    12.5  31.1  12.12
03/15/18 00:03:24  8.66   0.26   0.13   3.485  8.24    12.6  31.1  12.13
03/15/18 00:03:25  8.66   0.27   0.13   3.505  8.24    12.7  31.2  12.14
03/15/18 00:03:26  8.66   0.27   0.13   3.525  8.24    12.7  31.3  12.15
03/15/18 00:03:27  8.66   0.26   0.13   3.543  8.24    12.6  31.4  12.16
03/15/18 00:03:28  8.66   0.27   0.13   3.562  8.24    12.5  31.5  12.16
03/15/18 00:03:29  8.66   0.26   0.13   3.581  8.24    12.3  31.5  12.14
03/15/18 00:03:30  8.66   0.27   0.13   3.601  8.24    12.1  31.6  12.14
03/15/18 00:03:31  8.66   0.27   0.13   3.621  8.24    11.9  31.6  12.12
03/15/18 00:03:32  8.66   0.27   0.13   3.639  8.24    11.7  31.6  12.11
03/15/18 00:03:33  8.66   0.27   0.13   3.659  8.24    11.5  31.6  12.09
03/15/18 00:03:34  8.66   0.26   0.13   3.677  8.24    11.3  31.5  12.08
03/15/18 00:03:35  8.66   0.26   0.13   3.697  8.24    11.2  31.5  12.11
03/15/18 00:03:36  8.66   0.27   0.13   3.714  8.24    11.0  31.4  12.13
03/15/18 00:03:37  8.66   0.27   0.13   3.734  8.24    11.0  31.4  12.14
03/15/18 00:03:38  8.66   0.26   0.13   3.753  8.24    11.0  31.3  12.13
03/15/18 00:03:39  8.66   0.26   0.13   3.773  8.24    11.0  31.3  12.13
03/15/18 00:03:40  8.66   0.26   0.13   3.786  8.23    11.0  31.3  12.11
03/15/18 00:03:41  8.66   0.27   0.13   3.808  8.23    11.1  31.3  12.13
03/15/18 00:03:42  8.66   0.27   0.13   3.828  8.24    11.2  31.3  12.12
03/15/18 00:03:43  8.66   0.27   0.13   3.848  8.24    11.3  31.3  12.12
03/15/18 00:03:44  8.66   0.26   0.13   3.867  8.24    11.4  31.4  12.12
03/15/18 00:03:45  8.66   0.27   0.13   3.886  8.24    11.5  31.5  12.10
03/15/18 00:03:46  8.65   0.26   0.13   3.905  8.24    11.6  31.6  12.13
03/15/18 00:03:47  8.65   0.26   0.13   3.926  8.24    11.6  31.8  12.12
03/15/18 00:03:48  8.66   0.26   0.13   3.945  8.24    11.6  31.9  12.11
03/15/18 00:03:49  8.66   0.26   0.13   3.963  8.24    11.6  32.1  12.13
03/15/18 00:03:50  8.66   0.26   0.13   3.984  8.24    11.6  32.2  12.14
03/15/18 00:03:51  8.66   0.26   0.13   4.003  8.24    11.5  32.4  12.12
03/15/18 00:03:52  8.66   0.26   0.13   4.023  8.24    11.5  32.5  12.10
03/15/18 00:03:53  8.66   0.26   0.13   4.040  8.24    11.4  32.6  12.09
03/15/18 00:03:54  8.65   0.26   0.13   4.061  8.24    11.3  32.6  12.13
03/15/18 00:03:55  8.65   0.26   0.13   4.078  8.24    11.2  32.7  12.12
03/15/18 00:03:56  8.65   0.27   0.13   4.099  8.24    11.2  32.7  12.12
03/15/18 00:03:57  8.65   0.27   0.13   4.117  8.24    11.2  32.7  12.10
03/15/18 00:03:58  8.65   0.27   0.13   4.138  8.24    11.2  32.6  12.13
03/15/18 00:03:59  8.65   0.26   0.13   4.155  8.24    11.2  32.6  12.12
03/15/18 00:04:00  8.65   0.27   0.13   4.175  8.24    11.3  32.5  12.09
03/15/18 00:04:01  8.65   0.26   0.13   4.196  8.24    11.4  32.4  12.06
03/15/18 00:04:02  8.65   0.27   0.13   4.215  8.24    11.4  32.3  12.08
03/15/18 00:04:03  8.65   0.26   0.13   4.232  8.24    11.5  32.2  12.07
03/15/18 00:04:04  8.65   0.27   0.13   4.252  8.24    11.6  32.1  12.09
03/15/18 00:04:05  8.65   0.26   0.13   4.273  8.24    11.6  32.0  12.09
03/15/18 00:04:06  8.65   0.26   0.13   4.290  8.24    11.7  31.9  12.09
03/15/18 00:04:07  8.65   0.27   0.13   4.310  8.24    11.6  31.8  12.10
03/15/18 00:04:08  8.65   0.27   0.13   4.330  8.23    11.6  31.7  12.11
03/15/18 00:04:09  8.65   0.27   0.13   4.349  8.23    11.5  31.5  12.09
03/15/18 00:04:10  8.65   0.27   0.13   4.368  8.24    11.4  31.4  12.12
03/15/18 00:04:11  8.65   0.27   0.13   4.388  8.24    11.3  31.3  12.12
03/15/18 00:04:12  8.64   0.27   0.13   4.407  8.24    11.2  31.2  12.11
03/15/18 00:04:13  8.64   0.26   0.13   4.427  8.24    11.1  31.1  12.11
03/15/18 00:04:14  8.64   0.26   0.13   4.446  8.24    11.1  31.0  12.13
03/15/18 00:04:15  8.64   0.27   0.13   4.455  8.24    11.1  31.0  12.14
03/15/18 00:04:16  8.64   0.26   0.13   4.455  8.24    11.2  31.0  12.15
03/15/18 00:04:17  8.64   0.26   0.13   4.455  8.24    11.5  31.0  12.15
03/15/18 00:04:18  8.64   0.26   0.13   4.455  8.24    11.8  31.1  12.14
03/15/18 00:04:19  8.64   0.27   0.13   4.455  8.24    12.3  31.2  12.11
03/15/18 00:04:20  8.64   0.27   0.13   4.455  8.24    12.9  31.3  12.12
03/15/18 00:04:21  8.64   0.26   0.13   4.455  8.24    13.6  31.5  12.11
03/15/18 00:04:22  8.64   0.26   0.13   4.455  8.24    14.4  31.7  12.10
03/15/18 00:04:23  8.64   0.27   0.13   4.455  8.24    15.3  31.9  12.11
03/15/18 00:04:24  8.64   0.27   0.13   4.455  8.24    16.2  32.2  12.13
03/15/18 00:04:25  8.64   0.27   0.13   4.455  8.24    17.1  32.4  12.13

Profile Time: 00:30:00
Profile Date: 03/15/2018
Profile Location: jlnewhope Serial no: : 0001A093, ID: : GreyTape310
Sonde data Status: Unfiltered, VisualCheck
Data Status: , PostCal
03/15/18 00:30:01  8.67   0.26   0.13  -0.001  8.21    11.3  32.1  12.18
03/15/18 00:30:12  8.58   0.26   0.13  -0.001  8.21    11.1  31.6  12.23
03/15/18 00:30:13  8.61   0.26   0.13  -0.001  8.21    11.3  31.6  12.20
03/15/18 00:30:14  8.63   0.26   0.13  -0.001  8.21    11.4  31.5  12.19
03/15/18 00:30:02  8.65   0.26   0.13   0.000  8.22    11.1  31.9  12.20
03/15/18 00:30:03  8.62   0.26   0.13   0.000  8.22    10.9  31.8  12.22
03/15/18 00:30:04  8.59   0.26   0.13   0.000  8.22    10.8  31.8  12.25
03/15/18 00:30:05  8.56   0.26   0.13   0.000  8.22    10.7  31.7  12.26
03/15/18 00:30:06  8.53   0.26   0.13   0.000  8.22    10.6  31.7  12.26
03/15/18 00:30:07  8.50   0.26   0.13   0.000  8.22    10.6  31.6  12.27
03/15/18 00:30:08  8.48   0.26   0.13   0.000  8.22    10.6  31.6  12.26
03/15/18 00:30:09  8.47   0.26   0.13   0.000  8.22    10.7  31.6  12.27
03/15/18 00:30:10  8.50   0.27   0.13   0.000  8.22    10.8  31.6  12.26
03/15/18 00:30:11  8.54   0.26   0.13   0.000  8.21    10.9  31.6  12.25
03/15/18 00:30:15  8.65   0.26   0.13   0.000  8.21    11.6  31.5  12.17
03/15/18 00:30:16  8.66   0.26   0.13   0.000  8.21    11.8  31.4  12.17
03/15/18 00:30:17  8.67   0.26   0.13   0.000  8.22    11.9  31.4  12.17
03/15/18 00:30:18  8.66   0.26   0.13   0.008  8.22    12.1  31.3  12.12
03/15/18 00:30:19  8.66   0.26   0.13   0.025  8.22    12.1  31.3  12.12
03/15/18 00:30:27  8.59   0.26   0.13   0.149  8.22    12.2  31.3  12.16
03/15/18 00:30:28  8.59   0.27   0.13   0.165  8.22    12.2  31.4  12.15
03/15/18 00:30:29  8.60   0.26   0.13   0.183  8.22    12.2  31.4  12.15
03/15/18 00:30:30  8.60   0.26   0.13   0.199  8.22    12.2  31.6  12.15
03/15/18 00:30:31  8.62   0.26   0.13   0.214  8.22    12.1  31.7  12.14
03/15/18 00:30:32  8.63   0.26   0.13   0.232  8.22    12.1  31.9  12.14
03/15/18 00:30:33  8.63   0.26   0.13   0.248  8.22    12.0  32.0  12.15
03/15/18 00:30:34  8.63   0.26   0.13   0.262  8.22    11.9  32.2  12.15
03/15/18 00:30:35  8.64   0.26   0.13   0.279  8.22    11.7  32.3  12.14
03/15/18 00:30:36  8.64   0.26   0.13   0.295  8.22    11.6  32.4  12.12
03/15/18 00:30:37  8.65   0.26   0.13   0.310  8.22    11.5  32.4  12.10
03/15/18 00:30:38  8.65   0.26   0.13   0.322  8.22    11.4  32.5  12.08
03/15/18 00:30:39  8.63   0.26   0.13   0.341  8.22    11.3  32.4  12.09
03/15/18 00:30:40  8.62   0.26   0.13   0.360  8.22    11.2  32.3  12.14
03/15/18 00:30:41  8.60   0.26   0.13   0.377  8.22    11.1  32.2  12.12
03/15/18 00:30:42  8.58   0.27   0.13   0.396  8.22    11.1  32.0  12.12
03/15/18 00:30:43  8.60   0.26   0.13   0.416  8.22    11.1  31.9  12.13
03/15/18 00:30:44  8.62   0.26   0.13   0.431  8.22    11.1  31.7  12.13
03/15/18 00:30:45  8.64   0.26   0.13   0.449  8.22    11.1  31.5  12.13
03/15/18 00:30:46  8.64   0.26   0.13   0.468  8.22    11.2  31.3  12.12
03/15/18 00:30:47  8.64   0.26   0.13   0.487  8.22    11.3  31.2  12.09
03/15/18 00:30:48  8.65   0.26   0.13   0.508  8.22    11.4  31.1  12.13
03/15/18 00:30:49  8.65   0.26   0.13   0.526  8.22    11.5  31.0  12.13
03/15/18 00:30:50  8.65   0.26   0.13   0.545  8.22    11.6  30.9  12.13
03/15/18 00:30:51  8.65   0.26   0.13   0.565  8.22    11.8  30.9  12.16
03/15/18 00:30:52  8.65   0.26   0.13   0.582  8.22    11.9  30.9  12.14
03/15/18 00:30:53  8.65   0.26   0.13   0.602  8.23    11.9  30.9  12.14
03/15/18 00:30:54  8.65   0.26   0.13   0.621  8.22    12.0  30.9  12.15
03/15/18 00:30:55  8.65   0.26   0.13   0.639  8.22    12.0  31.0  12.11
03/15/18 00:30:56  8.65   0.26   0.13   0.660  8.23    12.1  31.1  12.11
03/15/18 00:30:57  8.66   0.26   0.13   0.678  8.22    12.0  31.2  12.13
03/15/18 00:30:58  8.66   0.26   0.13   0.697  8.23    12.0  31.3  12.17
03/15/18 00:30:59  8.66   0.26   0.13   0.718  8.23    11.9  31.4  12.19
03/15/18 00:31:00  8.66   0.26   0.13   0.737  8.23    11.8  31.6  12.21
03/15/18 00:31:01  8.66   0.26   0.13   0.755  8.23    11.7  31.7  12.22
03/15/18 00:31:02  8.67   0.26   0.13   0.776  8.23    11.6  31.9  12.23
03/15/18 00:31:03  8.67   0.27   0.13   0.795  8.23    11.4  32.0  12.23
03/15/18 00:31:04  8.67   0.26   0.13   0.814  8.23    11.4  32.2  12.25
03/15/18 00:31:05  8.67   0.26   0.13   0.833  8.23    11.3  32.3  12.30
03/15/18 00:31:06  8.67   0.26   0.13   0.853  8.23    11.3  32.4  12.36
03/15/18 00:31:07  8.67   0.26   0.13   0.872  8.23    11.3  32.5  12.38
03/15/18 00:31:08  8.67   0.27   0.13   0.891  8.23    11.4  32.5  12.41
03/15/18 00:31:09  8.67   0.26   0.13   0.911  8.23    11.5  32.5  12.38
03/15/18 00:31:10  8.67   0.27   0.13   0.931  8.23    11.7  32.4  12.41
03/15/18 00:31:11  8.67   0.26   0.13   0.950  8.23    12.0  32.3  12.41
03/15/18 00:31:12  8.67   0.27   0.13   0.970  8.23    12.4  32.2  12.38
03/15/18 00:31:13  8.67   0.26   0.13   0.989  8.23    12.7  32.1  12.33
03/15/18 00:31:14  8.67   0.27   0.13   1.007  8.23    13.1  31.9  12.35
03/15/18 00:31:15  8.67   0.27   0.13   1.026  8.23    13.5  31.7  12.36
03/15/18 00:31:16  8.67   0.27   0.13   1.047  8.23    13.9  31.5  12.37
03/15/18 00:31:17  8.67   0.26   0.13   1.066  8.23    14.2  31.3  12.35
03/15/18 00:31:18  8.67   0.26   0.13   1.084  8.23    14.5  31.1  12.35
03/15/18 00:31:19  8.67   0.27   0.13   1.103  8.23    14.6  30.9  12.34
03/15/18 00:31:20  8.67   0.26   0.13   1.124  8.23    14.6  30.7  12.33
03/15/18 00:31:21  8.67   0.26   0.13   1.142  8.23    14.6  30.6  12.37
03/15/18 00:31:22  8.67   0.26   0.13   1.161  8.23    14.4  30.5  12.32
03/15/18 00:31:23  8.67   0.26   0.13   1.181  8.23    14.1  30.4  12.30
03/15/18 00:31:24  8.67   0.27   0.13   1.200  8.23    13.7  30.3  12.27
03/15/18 00:31:25  8.67   0.27   0.13   1.219  8.23    13.2  30.3  12.32
03/15/18 00:31:26  8.67   0.26   0.13   1.238  8.23    12.7  30.2  12.27
03/15/18 00:31:27  8.67   0.26   0.13   1.258  8.23    12.2  30.3  12.29
03/15/18 00:31:28  8.67   0.26   0.13   1.277  8.23    11.7  30.3  12.26
03/15/18 00:31:29  8.67   0.26   0.13   1.296  8.23    11.2  30.4  12.27
03/15/18 00:31:30  8.67   0.27   0.13   1.316  8.23    10.8  30.5  12.23
03/15/18 00:31:31  8.67   0.26   0.13   1.335  8.23    10.5  30.6  12.20
03/15/18 00:31:32  8.67   0.26   0.13   1.353  8.23    10.3  30.7  12.21
03/15/18 00:31:33  8.67   0.27   0.13   1.365  8.23    10.2  30.8  12.20
03/15/18 00:31:34  8.67   0.26   0.13   1.387  8.23    10.3  30.9  12.23
03/15/18 00:31:35  8.67   0.26   0.13   1.404  8.23    10.4  31.0  12.21
03/15/18 00:31:36  8.67   0.26   0.13   1.423  8.23    10.6  31.1  12.22
03/15/18 00:31:37  8.67   0.26   0.13   1.444  8.22    10.8  31.2  12.20
03/15/18 00:31:38  8.67   0.26   0.13   1.463  8.22    11.1  31.2  12.21
03/15/18 00:31:39  8.67   0.26   0.13   1.479  8.22    11.4  31.2  12.22
03/15/18 00:31:40  8.67   0.26   0.13   1.499  8.22    11.7  31.3  12.22
03/15/18 00:31:41  8.67   0.26   0.13   1.521  8.22    12.0  31.3  12.22
03/15/18 00:31:42  8.67   0.27   0.13   1.537  8.22    12.2  31.2  12.20
03/15/18 00:31:43  8.67   0.26   0.13   1.555  8.22    12.4  31.2  12.18
03/15/18 00:31:44  8.68   0.26   0.13   1.578  8.22    12.5  31.2  12.17
03/15/18 00:31:45  8.67   0.26   0.13   1.596  8.22    12.5  31.1  12.17
03/15/18 00:31:46  8.67   0.26   0.13   1.611  8.22    12.5  31.0  12.19
03/15/18 00:31:47  8.67   0.27   0.13   1.629  8.22    12.4  31.0  12.19
03/15/18 00:31:48  8.65   0.26   0.13   1.655  8.22    12.3  30.9  12.18
03/15/18 00:31:49  8.63   0.27   0.13   1.672  8.22    12.1  30.9  12.17
03/15/18 00:31:50  8.63   0.27   0.13   1.688  8.22    12.0  30.8  12.18
03/15/18 00:31:51  8.62   0.26   0.13   1.710  8.22    11.8  30.8  12.17
03/15/18 00:31:52  8.62   0.27   0.13   1.730  8.22    11.6  30.8  12.16
03/15/18 00:31:53  8.62   0.27   0.13   1.747  8.22    11.4  30.8  12.18
03/15/18 00:31:54  8.63   0.26   0.13   1.766  8.22    11.2  30.9  12.16
03/15/18 00:31:55  8.64   0.26   0.13   1.795  8.22    11.1  30.9  12.14
03/15/18 00:31:56  8.65   0.27   0.13   1.810  8.23    10.9  31.1  12.14
03/15/18 00:31:57  8.65   0.26   0.13   1.826  8.22    10.8  31.2  12.15
03/15/18 00:31:58  8.66   0.26   0.13   1.846  8.22    10.8  31.4  12.13
03/15/18 00:31:59  8.66   0.26   0.13   1.866  8.22    10.7  31.6  12.14
03/15/18 00:32:00  8.66   0.26   0.13   1.883  8.23    10.6  31.8  12.13
03/15/18 00:32:01  8.65   0.26   0.13   1.902  8.23    10.6  31.9  12.14
03/15/18 00:32:02  8.64   0.27   0.13   1.930  8.23    10.6  32.1  12.14
03/15/18 00:32:03  8.64   0.26   0.13   1.943  8.23    10.5  32.2  12.15
03/15/18 00:32:04  8.63   0.26   0.13   1.963  8.23    10.5  32.2  12.14
03/15/18 00:32:05  8.64   0.26   0.13   1.983  8.23    10.5  32.2  12.16
03/15/18 00:32:06  8.64   0.27   0.13   2.003  8.23    10.4  32.2  12.17
03/15/18 00:32:07  8.64   0.26   0.13   2.020  8.23    10.4  32.1  12.16
03/15/18 00:32:08  8.64   0.27   0.13   2.041  8.23    10.4  32.0  12.14
03/15/18 00:32:09  8.64   0.26   0.13   2.065  8.23    10.5  31.9  12.12
03/15/18 00:32:10  8.64   0.27   0.13   2.079  8.23    10.5  31.7  12.12
03/15/18 00:32:11  8.65   0.26   0.13   2.097  8.24    10.6  31.6  12.14
03/15/18 00:32:12  8.65   0.26   0.13   2.118  8.24    10.7  31.5  12.16
03/15/18 00:32:13  8.65   0.27   0.13   2.137  8.24    10.8  31.5  12.15
03/15/18 00:32:14  8.66   0.26   0.13   2.155  8.24    10.9  31.5  12.15
03/15/18 00:32:15  8.66   0.26   0.13   2.175  8.24    11.0  31.5  12.13
03/15/18 00:32:16  8.66   0.26   0.13   2.195  8.24    11.2  31.6  12.13
03/15/18 00:32:17  8.66   0.27   0.13   2.211  8.24    11.3  31.8  12.11
03/15/18 00:32:18  8.66   0.26   0.13   2.231  8.24    11.5  31.9  12.10
03/15/18 00:32:19  8.66   0.26   0.13   2.251  8.24    11.6  32.2  12.08
03/15/18 00:32:20  8.66   0.26   0.13   2.272  8.24    11.7  32.4  12.06
03/15/18 00:32:21  8.66   0.26   0.13   2.289  8.24    11.8  32.6  12.04
03/15/18 00:32:22  8.66   0.26   0.13   2.311  8.24    11.9  32.7  12.05
03/15/18 00:32:23  8.66   0.26   0.13   2.331  8.24    12.0  32.9  12.06
03/15/18 00:32:24  8.66   0.27   0.13   2.346  8.24    12.1  33.0  12.06
03/15/18 00:32:25  8.66   0.26   0.13   2.365  8.24    12.1  33.0  12.09
03/15/18 00:32:26  8.66   0.26   0.13   2.385  8.24    12.1  33.0  12.11
03/15/18 00:32:27  8.66   0.26   0.13   2.406  8.24    12.1  32.9  12.12
03/15/18 00:32:28  8.66   0.26   0.13   2.423  8.24    12.1  32.8  12.10
03/15/18 00:32:29  8.66   0.27   0.13   2.445  8.24    12.1  32.7  12.06
03/15/18 00:32:30  8.66   0.27   0.13   2.464  8.24    12.1  32.5  12.05
03/15/18 00:32:31  8.66   0.26   0.13   2.483  8.24    12.1  32.3  12.05
03/15/18 00:32:32  8.66   0.26   0.13   2.500  8.24    12.1  32.1  12.05
03/15/18 00:32:33  8.66   0.27   0.13   2.520  8.24    12.1  31.8  12.04
03/15/18 00:32:34  8.66   0.26   0.13   2.542  8.24    12.1  31.6  12.07
03/15/18 00:32:35  8.66   0.27   0.13   2.560  8.24    12.1  31.4  12.09
03/15/18 00:32:36  8.66   0.27   0.13   2.579  8.24    12.1  31.1  12.10
03/15/18 00:32:37  8.66   0.27   0.13   2.599  8.24    12.2  31.0  12.10
03/15/18 00:32:38  8.66   0.26   0.13   2.620  8.24    12.2  30.8  12.10
03/15/18 00:32:39  8.66   0.26   0.13   2.635  8.24    12.2  30.7  12.12
03/15/18 00:32:40  8.66   0.26   0.13   2.656  8.24    12.2  30.7  12.11
03/15/18 00:32:41  8.66   0.27   0.13   2.674  8.24    12.2  30.7  12.11
03/15/18 00:32:42  8.66   0.26   0.13   2.696  8.24    12.2  30.7  12.10
03/15/18 00:32:43  8.66   0.26   0.13   2.714  8.24    12.2  30.8  12.11
03/15/18 00:32:44  8.66   0.26   0.13   2.733  8.24    12.1  30.9  12.09
03/15/18 00:32:45  8.66   0.27   0.13   2.752  8.24    12.1  31.0  12.07
03/15/18 00:32:46  8.66   0.26   0.13   2.772  8.24    12.0  31.2  12.11
03/15/18 00:32:47  8.66   0.26   0.13   2.791  8.24    11.9  31.3  12.09
03/15/18 00:32:48  8.66   0.27   0.13   2.810  8.24    11.7  31.5  12.08
03/15/18 00:32:49  8.66   0.27   0.13   2.831  8.24    11.6  31.7  12.07
03/15/18 00:32:50  8.66   0.26   0.13   2.850  8.24    11.4  31.9  12.03
03/15/18 00:32:51  8.66   0.26   0.13   2.867  8.24    11.3  32.0  12.03
03/15/18 00:32:52  8.66   0.27   0.13   2.888  8.24    11.2  32.1  12.02
03/15/18 00:32:53  8.66   0.27   0.13   2.908  8.24    11.0  32.2  12.03
03/15/18 00:32:54  8.66   0.27   0.13   2.927  8.24    10.9  32.3  12.05
03/15/18 00:32:55  8.66   0.27   0.13   2.944  8.24    10.8  32.3  12.08
03/15/18 00:32:56  8.66   0.27   0.13   2.963  8.24    10.8  32.4  12.12
03/15/18 00:32:57  8.66   0.27   0.13   2.983  8.24    10.8  32.4  12.14
03/15/18 00:32:58  8.66   0.27   0.13   3.001  8.24    10.8  32.4  12.12
03/15/18 00:32:59  8.66   0.26   0.13   3.020  8.24    10.9  32.3  12.12
03/15/18 00:33:00  8.66   0.26   0.13   3.042  8.24    10.9  32.3  12.14
03/15/18 00:33:01  8.66   0.27   0.13   3.061  8.24    11.1  32.2  12.16
03/15/18 00:33:02  8.66   0.27   0.13   3.078  8.24    11.2  32.2  12.16
03/15/18 00:33:03  8.66   0.27   0.13   3.098  8.24    11.4  32.1  12.17
03/15/18 00:33:04  8.66   0.27   0.13   3.117  8.24    11.5  32.0  12.18
03/15/18 00:33:05  8.66   0.26   0.13   3.136  8.24    11.7  31.9  12.17
03/15/18 00:33:06  8.66   0.27   0.13   3.156  8.24    11.8  31.8  12.17
03/15/18 00:33:07  8.65   0.27   0.13   3.176  8.24    11.9  31.7  12.19
03/15/18 00:33:08  8.66   0.26   0.13   3.193  8.24    12.0  31.6  12.21
03/15/18 00:33:09  8.66   0.27   0.13   3.213  8.24    12.0  31.5  12.18
03/15/18 00:33:10  8.66   0.27   0.13   3.233  8.24    12.0  31.4  12.24
03/15/18 00:33:11  8.65   0.27   0.13   3.250  8.24    11.9  31.2  12.24
03/15/18 00:33:12  8.66   0.26   0.13   3.270  8.24    11.8  31.1  12.23
03/15/18 00:33:13  8.65   0.26   0.13   3.289  8.24    11.6  30.9  12.25
03/15/18 00:33:14  8.65   0.26   0.13   3.310  8.24    11.4  30.8  12.29
03/15/18 00:33:15  8.66   0.26   0.13   3.327  8.24    11.2  30.7  12.31
03/15/18 00:33:16  8.66   0.26   0.13   3.346  8.24    11.0  30.6  12.32
03/15/18 00:33:17  8.66   0.26   0.13   3.366  8.24    10.8  30.5  12.37
03/15/18 00:33:18  8.66   0.27   0.13   3.388  8.24    10.6  30.5  12.30
03/15/18 00:33:19  8.65   0.26   0.13   3.406  8.24    10.5  30.5  12.26
03/15/18 00:33:20  8.65   0.26   0.13   3.427  8.24    10.4  30.5  12.28
03/15/18 00:33:21  8.65   0.27   0.13   3.445  8.24    10.3  30.6  12.24
03/15/18 00:33:22  8.65   0.26   0.13   3.469  8.24    10.3  30.8  12.24
03/15/18 00:33:23  8.65   0.27   0.13   3.483  8.24    10.4  30.9  12.27
03/15/18 00:33:24  8.65   0.27   0.13   3.502  8.23    10.5  31.1  12.27
03/15/18 00:33:25  8.65   0.26   0.13   3.525  8.24    10.7  31.3  12.27
03/15/18 00:33:26  8.65   0.27   0.13   3.543  8.23    10.9  31.5  12.29
03/15/18 00:33:27  8.65   0.26   0.13   3.560  8.24    11.1  31.6  12.33
03/15/18 00:33:28  8.65   0.27   0.13   3.579  8.24    11.4  31.8  12.30
03/15/18 00:33:29  8.64   0.26   0.13   3.599  8.24    11.6  31.9  12.30
03/15/18 00:33:30  8.64   0.26   0.13   3.620  8.24    11.8  32.0  12.27
03/15/18 00:33:31  8.64   0.27   0.13   3.637  8.23    12.0  32.0  12.24
03/15/18 00:33:32  8.64   0.26   0.13   3.656  8.23    12.2  32.0  12.22
03/15/18 00:33:33  8.64   0.27   0.13   3.677  8.24    12.3  32.0  12.20
03/15/18 00:33:34  8.63   0.27   0.13   3.699  8.24    12.3  31.9  12.19
03/15/18 00:33:35  8.63   0.27   0.13   3.712  8.24    12.3  31.8  12.18
03/15/18 00:33:36  8.63   0.27   0.13   3.730  8.24    12.3  31.7  12.22
03/15/18 00:33:37  8.63   0.27   0.13   3.750  8.24    12.2  31.6  12.22
03/15/18 00:33:38  8.62   0.27   0.13   3.772  8.24    12.0  31.5  12.21
03/15/18 00:33:39  8.63   0.27   0.13   3.787  8.24    11.9  31.4  12.21
03/15/18 00:33:40  8.63   0.27   0.13   3.809  8.24    11.7  31.3  12.24
03/15/18 00:33:41  8.62   0.26   0.13   3.828  8.24    11.5  31.3  12.21
03/15/18 00:33:42  8.62   0.26   0.13   3.849  8.24    11.3  31.2  12.20
03/15/18 00:33:43  8.62   0.27   0.13   3.868  8.24    11.1  31.2  12.20
03/15/18 00:33:44  8.62   0.27   0.13   3.887  8.24    10.9  31.2  12.19
03/15/18 00:33:45  8.62   0.27   0.13   3.905  8.24    10.8  31.2  12.18
03/15/18 00:33:46  8.61   0.27   0.13   3.927  8.24    10.6  31.2  12.17
03/15/18 00:33:47  8.61   0.27   0.13   3.945  8.24    10.6  31.3  12.19
03/15/18 00:33:48  8.61   0.27   0.13   3.963  8.24    10.5  31.3  12.19
03/15/18 00:33:49  8.61   0.27   0.13   3.982  8.24    10.5  31.3  12.18
03/15/18 00:33:50  8.61   0.27   0.13   4.002  8.24    10.5  31.4  12.18
03/15/18 00:33:51  8.61   0.26   0.13   4.022  8.24    10.5  31.4  12.18
03/15/18 00:33:52  8.61   0.26   0.13   4.040  8.24    10.5  31.4  12.14
03/15/18 00:33:53  8.61   0.27   0.13   4.061  8.24    10.6  31.5  12.15
03/15/18 00:33:54  8.61   0.26   0.13   4.077  8.24    10.7  31.5  12.15
03/15/18 00:33:55  8.61   0.27   0.13   4.097  8.24    10.7  31.5  12.12
03/15/18 00:33:56  8.61   0.26   0.13   4.116  8.24    10.8  31.5  12.12
03/15/18 00:33:57  8.61   0.27   0.13   4.136  8.24    10.9  31.5  12.13
03/15/18 00:33:58  8.61   0.27   0.13   4.155  8.24    10.9  31.4  12.12
03/15/18 00:33:59  8.61   0.27   0.13   4.175  8.24    11.0  31.4  12.13
03/15/18 00:34:00  8.61   0.27   0.13   4.196  8.24    11.0  31.4  12.12
03/15/18 00:34:01  8.61   0.27   0.13   4.216  8.24    11.0  31.4  12.12
03/15/18 00:34:02  8.61   0.27   0.13   4.232  8.24    11.1  31.5  12.11
03/15/18 00:34:03  8.60   0.27   0.13   4.252  8.24    11.1  31.5  12.12
03/15/18 00:34:04  8.60   0.27   0.13   4.273  8.24    11.1  31.6  12.12
03/15/18 00:34:05  8.60   0.27   0.13   4.293  8.24    11.0  31.6  12.12
03/15/18 00:34:06  8.60   0.27   0.13   4.312  8.24    11.0  31.7  12.12
03/15/18 00:34:07  8.60   0.27   0.13   4.330  8.24    11.0  31.8  12.12
03/15/18 00:34:08  8.60   0.27   0.13   4.350  8.24    11.0  31.9  12.12
03/15/18 00:34:09  8.61   0.27   0.13   4.370  8.24    11.0  31.9  12.11
03/15/18 00:34:10  8.61   0.26   0.13   4.388  8.24    11.0  32.0  12.13
03/15/18 00:34:11  8.61   0.27   0.13   4.407  8.24    11.1  32.0  12.12
03/15/18 00:34:14  8.60   0.27   0.13   4.407  8.24    11.2  31.8  12.12
03/15/18 00:34:15  8.61   0.27   0.13   4.407  8.24    11.2  31.7  12.12
03/15/18 00:34:20  8.60   0.27   0.13   4.407  8.24    11.4  30.6  12.12
03/15/18 00:34:12  8.61   0.27   0.13   4.408  8.24    11.1  32.0  12.12
03/15/18 00:34:13  8.61   0.26   0.13   4.408  8.24    11.1  31.9  12.11
03/15/18 00:34:16  8.61   0.26   0.13   4.408  8.24    11.3  31.5  12.13
03/15/18 00:34:17  8.61   0.27   0.13   4.408  8.24    11.3  31.3  12.12
03/15/18 00:34:18  8.60   0.27   0.13   4.408  8.24    11.4  31.1  12.12
03/15/18 00:34:19  8.60   0.27   0.13   4.408  8.24    11.4  30.8  12.12
03/15/18 00:34:21  8.59   0.27   0.13   4.408  8.24    11.4  30.3  12.13
03/15/18 00:34:22  8.59   0.27   0.13   4.408  8.24    11.4  30.1  12.15

Profile Time: 07:00:00
Profile Date: 03/15/2018
Profile Location: jlnewhope Serial no: : 0001A093, ID: : GreyTape310
Sonde data Status: Unfiltered, VisualCheck
Data Status: , PostCal
03/15/18 07:00:01  8.25   0.26   0.13  -0.009  8.17    10.3  28.7  12.10
03/15/18 07:00:02  8.25   0.26   0.13  -0.009  8.16    10.4  29.2  12.08
03/15/18 07:00:03  8.26   0.27   0.13  -0.009  8.17    10.5  29.6  12.03
03/15/18 07:00:08  8.26   0.27   0.13  -0.009  8.17    11.0  30.7  12.02
03/15/18 07:00:12  8.26   0.26   0.13  -0.009  8.18    11.2  30.3  12.04
03/15/18 07:00:13  8.25   0.26   0.13  -0.009  8.18    11.3  30.1  12.03
03/15/18 07:00:10  8.25   0.27   0.13  -0.008  8.18    11.1  30.7  12.03
03/15/18 07:00:14  8.25   0.27   0.13  -0.008  8.19    11.3  29.9  12.04
03/15/18 07:00:16  8.26   0.26   0.13  -0.008  8.19    11.3  29.4  12.02
03/15/18 07:00:17  8.25   0.26   0.13  -0.008  8.19    11.2  29.3  12.07
03/15/18 07:00:18  8.25   0.26   0.13  -0.008  8.19    11.2  29.2  12.09
03/15/18 07:00:04  8.26   0.26   0.13  -0.007  8.17    10.6  29.9  12.03
03/15/18 07:00:09  8.25   0.27   0.13  -0.007  8.17    11.1  30.7  12.02
03/15/18 07:00:11  8.25   0.27   0.13  -0.007  8.18    11.2  30.5  12.02
03/15/18 07:00:15  8.25   0.27   0.13  -0.007  8.19    11.3  29.6  12.03
03/15/18 07:00:05  8.26   0.27   0.13  -0.005  8.18    10.7  30.3  12.02
03/15/18 07:00:06  8.26   0.27   0.13  -0.005  8.17    10.8  30.5  12.03
03/15/18 07:00:07  8.26   0.26   0.13  -0.002  8.17    10.9  30.7  12.03
03/15/18 07:00:19  8.25   0.27   0.13   0.006  8.20    11.1  29.1  12.05
03/15/18 07:00:23  8.26   0.27   0.13   0.043  8.20    11.0  29.4  12.08
03/15/18 07:00:20  8.26   0.26   0.13   0.044  8.20    11.1  29.2  12.08
03/15/18 07:00:22  8.26   0.27   0.13   0.057  8.20    11.0  29.2  12.07
03/15/18 07:00:24  8.26   0.26   0.13   0.061  8.20    11.0  29.6  12.10
03/15/18 07:00:25  8.26   0.27   0.13   0.094  8.20    11.0  29.7  12.12
03/15/18 07:00:26  8.26   0.27   0.13   0.124  8.20    11.0  29.9  12.13
03/15/18 07:00:27  8.26   0.26   0.13   0.148  8.20    11.0  30.1  12.14
03/15/18 07:00:28  8.26   0.26   0.13   0.160  8.20    11.0  30.3  12.17
03/15/18 07:00:29  8.26   0.26   0.13   0.171  8.20    11.0  30.4  12.18
03/15/18 07:00:30  8.25   0.26   0.13   0.184  8.20    11.1  30.5  12.22
03/15/18 07:00:31  8.25   0.26   0.13   0.204  8.20    11.1  30.5  12.19
03/15/18 07:00:32  8.26   0.27   0.13   0.211  8.20    11.1  30.5  12.22
03/15/18 07:00:33  8.26   0.27   0.13   0.227  8.21    11.2  30.4  12.21
03/15/18 07:00:34  8.25   0.27   0.13   0.250  8.21    11.2  30.3  12.21
03/15/18 07:00:35  8.25   0.27   0.13   0.274  8.21    11.2  30.2  12.22
03/15/18 07:00:36  8.25   0.26   0.13   0.294  8.21    11.2  30.1  12.22
03/15/18 07:00:38  8.25   0.26   0.13   0.301  8.19    11.2  29.9  12.23
03/15/18 07:00:37  8.25   0.27   0.13   0.302  8.20    11.2  30.0  12.24
03/15/18 07:00:39  8.25   0.26   0.13   0.312  8.19    11.1  29.8  12.21
03/15/18 07:00:40  8.25   0.26   0.13   0.340  8.20    11.1  29.7  12.23
03/15/18 07:00:41  8.25   0.27   0.13   0.375  8.20    11.1  29.7  12.22
03/15/18 07:00:42  8.25   0.27   0.13   0.399  8.20    11.0  29.6  12.25
03/15/18 07:00:43  8.25   0.26   0.13   0.415  8.19    11.0  29.7  12.25
03/15/18 07:00:44  8.25   0.27   0.13   0.420  8.20    11.0  29.7  12.28
03/15/18 07:00:45  8.25   0.27   0.13   0.425  8.20    11.0  29.8  12.25
03/15/18 07:00:46  8.26   0.27   0.13   0.440  8.20    11.0  29.9  12.24
03/15/18 07:00:47  8.26   0.27   0.13   0.471  8.19    10.9  30.0  12.25
03/15/18 07:00:48  8.26   0.27   0.13   0.498  8.20    11.0  30.1  12.27
03/15/18 07:00:49  8.26   0.27   0.13   0.520  8.20    11.0  30.2  12.26
03/15/18 07:00:50  8.26   0.26   0.13   0.527  8.21    11.0  30.4  12.24
03/15/18 07:00:51  8.26   0.27   0.13   0.545  8.21    11.0  30.5  12.25
03/15/18 07:00:52  8.26   0.26   0.13   0.565  8.21    11.1  30.6  12.24
03/15/18 07:00:53  8.25   0.26   0.13   0.591  8.21    11.1  30.8  12.27
03/15/18 07:00:54  8.26   0.26   0.13   0.608  8.21    11.1  30.8  12.28
03/15/18 07:00:55  8.26   0.26   0.13   0.619  8.22    11.2  30.9  12.24
03/15/18 07:00:56  8.26   0.27   0.13   0.636  8.22    11.2  30.9  12.24
03/15/18 07:00:57  8.25   0.26   0.13   0.666  8.22    11.3  30.9  12.24
03/15/18 07:00:58  8.25   0.26   0.13   0.687  8.22    11.3  30.8  12.21
03/15/18 07:00:59  8.25   0.26   0.13   0.705  8.22    11.3  30.7  12.27
03/15/18 07:01:00  8.25   0.27   0.13   0.721  8.22    11.3  30.6  12.28
03/15/18 07:01:01  8.25   0.27   0.13   0.738  8.22    11.4  30.4  12.27
03/15/18 07:01:02  8.25   0.26   0.13   0.759  8.22    11.4  30.2  12.32
03/15/18 07:01:03  8.26   0.27   0.13   0.783  8.22    11.4  30.0  12.30
03/15/18 07:01:04  8.26   0.26   0.13   0.799  8.22    11.4  29.8  12.28
03/15/18 07:01:05  8.26   0.27   0.13   0.815  8.22    11.4  29.6  12.26
03/15/18 07:01:06  8.26   0.27   0.13   0.839  8.22    11.4  29.5  12.29
03/15/18 07:01:07  8.26   0.27   0.13   0.872  8.22    11.4  29.3  12.28
03/15/18 07:01:08  8.26   0.26   0.13   0.891  8.22    11.4  29.2  12.25
03/15/18 07:01:09  8.26   0.26   0.13   0.902  8.22    11.4  29.2  12.24
03/15/18 07:01:10  8.26   0.26   0.13   0.909  8.22    11.3  29.2  12.23
03/15/18 07:01:11  8.26   0.27   0.13   0.922  8.22    11.3  29.2  12.20
03/15/18 07:01:12  8.26   0.27   0.13   0.943  8.22    11.2  29.3  12.19
03/15/18 07:01:13  8.26   0.26   0.13   0.975  8.22    11.2  29.5  12.19
03/15/18 07:01:14  8.26   0.26   0.13   1.000  8.22    11.2  29.6  12.18
03/15/18 07:01:15  8.26   0.26   0.13   1.021  8.22    11.1  29.8  12.17
03/15/18 07:01:16  8.26   0.27   0.13   1.035  8.22    11.1  30.0  12.16
03/15/18 07:01:17  8.26   0.27   0.13   1.049  8.21    11.0  30.2  12.17
03/15/18 07:01:18  8.26   0.27   0.13   1.061  8.21    11.0  30.3  12.18
03/15/18 07:01:19  8.26   0.27   0.13   1.078  8.21    11.0  30.5  12.18
03/15/18 07:01:20  8.26   0.27   0.13   1.102  8.21    10.9  30.6  12.20
03/15/18 07:01:21  8.27   0.27   0.13   1.130  8.21    10.9  30.6  12.19
03/15/18 07:01:22  8.27   0.26   0.13   1.148  8.22    10.9  30.6  12.16
03/15/18 07:01:23  8.27   0.26   0.13   1.162  8.22    10.9  30.5  12.15
03/15/18 07:01:24  8.27   0.27   0.13   1.181  8.22    10.8  30.4  12.16
03/15/18 07:01:25  8.27   0.27   0.13   1.200  8.22    10.8  30.3  12.15
03/15/18 07:01:26  8.27   0.26   0.13   1.215  8.22    10.8  30.2  12.14
03/15/18 07:01:27  8.27   0.27   0.13   1.233  8.22    10.7  30.0  12.14
03/15/18 07:01:28  8.27   0.26   0.13   1.258  8.22    10.7  29.8  12.14
03/15/18 07:01:29  8.27   0.27   0.13   1.282  8.22    10.7  29.7  12.12
03/15/18 07:01:30  8.27   0.27   0.13   1.305  8.22    10.6  29.6  12.14
03/15/18 07:01:31  8.28   0.26   0.13   1.322  8.22    10.6  29.5  12.16
03/15/18 07:01:32  8.27   0.27   0.13   1.335  8.22    10.5  29.5  12.16
03/15/18 07:01:33  8.28   0.26   0.13   1.351  8.22    10.5  29.5  12.15
03/15/18 07:01:34  8.28   0.27   0.13   1.373  8.22    10.4  29.6  12.13
03/15/18 07:01:35  8.28   0.27   0.13   1.392  8.22    10.4  29.6  12.15
03/15/18 07:01:36  8.28   0.27   0.13   1.411  8.22    10.4  29.7  12.17
03/15/18 07:01:37  8.28   0.27   0.13   1.431  8.22    10.4  29.8  12.17
03/15/18 07:01:38  8.28   0.27   0.13   1.455  8.22    10.5  29.9  12.19
03/15/18 07:01:39  8.27   0.27   0.13   1.475  8.22    10.5  30.0  12.18
03/15/18 07:01:40  8.27   0.26   0.13   1.487  8.22    10.6  30.1  12.17
03/15/18 07:01:41  8.27   0.27   0.13   1.503  8.22    10.7  30.1  12.18
03/15/18 07:01:42  8.27   0.26   0.13   1.522  8.22    10.9  30.2  12.17
03/15/18 07:01:43  8.27   0.26   0.13   1.544  8.22    11.0  30.2  12.16
03/15/18 07:01:44  8.27   0.27   0.13   1.568  8.22    11.1  30.2  12.16
03/15/18 07:01:45  8.27   0.27   0.13   1.587  8.22    11.2  30.2  12.16
03/15/18 07:01:46  8.27   0.27   0.13   1.600  8.22    11.3  30.2  12.16
03/15/18 07:01:47  8.27   0.27   0.13   1.618  8.23    11.4  30.1  12.13
03/15/18 07:01:48  8.27   0.26   0.13   1.644  8.22    11.5  30.1  12.10
03/15/18 07:01:49  8.27   0.27   0.13   1.666  8.22    11.5  30.1  12.10
03/15/18 07:01:50  8.27   0.26   0.13   1.680  8.22    11.6  30.1  12.08
03/15/18 07:01:51  8.27   0.26   0.13   1.698  8.22    11.6  30.1  12.07
03/15/18 07:01:52  8.27   0.26   0.13   1.720  8.22    11.5  30.1  12.03
03/15/18 07:01:53  8.27   0.27   0.13   1.737  8.22    11.5  30.1  12.06
03/15/18 07:01:54  8.27   0.27   0.13   1.758  8.22    11.5  30.0  12.07
03/15/18 07:01:55  8.27   0.27   0.13   1.786  8.22    11.5  30.0  12.07
03/15/18 07:01:56  8.27   0.27   0.13   1.807  8.22    11.5  30.0  12.08
03/15/18 07:01:57  8.27   0.27   0.13   1.819  8.22    11.4  30.0  12.09
03/15/18 07:01:58  8.27   0.27   0.13   1.832  8.22    11.4  29.9  12.11
03/15/18 07:01:59  8.27   0.26   0.13   1.853  8.22    11.4  29.9  12.13
03/15/18 07:02:00  8.27   0.27   0.13   1.870  8.22    11.4  29.8  12.12
03/15/18 07:02:01  8.27   0.27   0.13   1.895  8.22    11.4  29.8  12.12
03/15/18 07:02:02  8.27   0.27   0.13   1.921  8.22    11.5  29.7  12.12
03/15/18 07:02:03  8.27   0.27   0.13   1.939  8.22    11.5  29.7  12.13
03/15/18 07:02:04  8.26   0.27   0.13   1.959  8.22    11.5  29.6  12.11
03/15/18 07:02:05  8.27   0.26   0.13   1.979  8.22    11.4  29.6  12.12
03/15/18 07:02:06  8.27   0.26   0.13   1.995  8.22    11.4  29.6  12.13
03/15/18 07:02:07  8.27   0.26   0.13   2.009  8.22    11.4  29.7  12.12
03/15/18 07:02:08  8.27   0.26   0.13   2.026  8.22    11.4  29.7  12.10
03/15/18 07:02:09  8.26   0.27   0.13   2.053  8.22    11.4  29.7  12.11
03/15/18 07:02:10  8.26   0.27   0.13   2.069  8.22    11.4  29.8  12.14
03/15/18 07:02:11  8.25   0.26   0.13   2.084  8.22    11.3  29.8  12.15
03/15/18 07:02:12  8.25   0.26   0.13   2.107  8.22    11.3  29.8  12.10
03/15/18 07:02:13  8.26   0.26   0.13   2.129  8.22    11.3  29.8  12.12
03/15/18 07:02:14  8.25   0.26   0.13   2.147  8.22    11.3  29.7  12.12
03/15/18 07:02:15  8.25   0.27   0.13   2.164  8.22    11.3  29.6  12.11
03/15/18 07:02:16  8.25   0.27   0.13   2.185  8.22    11.3  29.5  12.10
03/15/18 07:02:17  8.26   0.27   0.13   2.205  8.22    11.4  29.4  12.09
03/15/18 07:02:18  8.26   0.27   0.13   2.222  8.22    11.4  29.3  12.09
03/15/18 07:02:19  8.26   0.27   0.13   2.239  8.22    11.5  29.2  12.12
03/15/18 07:02:20  8.26   0.26   0.13   2.254  8.22    11.5  29.1  12.12
03/15/18 07:02:21  8.26   0.27   0.13   2.277  8.22    11.6  29.0  12.10
03/15/18 07:02:22  8.26   0.27   0.13   2.305  8.22    11.7  28.9  12.05
03/15/18 07:02:23  8.26   0.27   0.13   2.330  8.22    11.8  28.8  12.06
03/15/18 07:02:24  8.26   0.26   0.13   2.341  8.21    11.9  28.8  12.04
03/15/18 07:02:25  8.26   0.26   0.13   2.355  8.21    12.0  28.9  12.03
03/15/18 07:02:26  8.27   0.27   0.13   2.371  8.21    12.1  28.9  12.05
03/15/18 07:02:27  8.27   0.27   0.13   2.392  8.22    12.1  29.0  12.08
03/15/18 07:02:28  8.27   0.26   0.13   2.415  8.22    12.2  29.2  12.10
03/15/18 07:02:29  8.27   0.27   0.13   2.433  8.22    12.2  29.3  12.13
03/15/18 07:02:30  8.27   0.26   0.13   2.457  8.22    12.2  29.5  12.15
03/15/18 07:02:31  8.27   0.26   0.13   2.476  8.22    12.2  29.7  12.19
03/15/18 07:02:32  8.27   0.26   0.13   2.491  8.22    12.1  29.9  12.22
03/15/18 07:02:33  8.27   0.27   0.13   2.511  8.22    11.9  30.2  12.24
03/15/18 07:02:34  8.26   0.27   0.13   2.528  8.22    11.8  30.4  12.26
03/15/18 07:02:35  8.26   0.27   0.13   2.548  8.22    11.6  30.6  12.22
03/15/18 07:02:36  8.27   0.26   0.13   2.568  8.22    11.4  30.7  12.25
03/15/18 07:02:37  8.27   0.27   0.13   2.590  8.21    11.3  30.9  12.22
03/15/18 07:02:38  8.27   0.27   0.13   2.611  8.21    11.1  31.0  12.20
03/15/18 07:02:39  8.27   0.27   0.13   2.626  8.21    11.0  31.1  12.18
03/15/18 07:02:40  8.27   0.27   0.13   2.642  8.21    10.8  31.2  12.20
03/15/18 07:02:41  8.27   0.26   0.13   2.663  8.21    10.7  31.2  12.23
03/15/18 07:02:42  8.26   0.26   0.13   2.687  8.21    10.7  31.3  12.26
03/15/18 07:02:43  8.27   0.26   0.13   2.711  8.21    10.7  31.3  12.22
03/15/18 07:02:44  8.27   0.26   0.13   2.733  8.21    10.7  31.3  12.24
03/15/18 07:02:45  8.27   0.27   0.13   2.749  8.21    10.7  31.3  12.25
03/15/18 07:02:46  8.27   0.27   0.13   2.764  8.21    10.7  31.3  12.25
03/15/18 07:02:47  8.27   0.26   0.13   2.780  8.21    10.8  31.2  12.26
03/15/18 07:02:48  8.27   0.27   0.13   2.795  8.21    10.8  31.2  12.28
03/15/18 07:02:49  8.28   0.27   0.13   2.811  8.21    10.8  31.2  12.25
03/15/18 07:02:50  8.28   0.27   0.13   2.836  8.21    10.8  31.2  12.23
03/15/18 07:02:51  8.28   0.26   0.13   2.862  8.21    10.8  31.1  12.21
03/15/18 07:02:52  8.28   0.26   0.13   2.886  8.21    10.8  31.1  12.22
03/15/18 07:02:53  8.28   0.27   0.13   2.909  8.21    10.8  31.1  12.22
03/15/18 07:02:54  8.28   0.26   0.13   2.917  8.21    10.8  31.0  12.20
03/15/18 07:02:55  8.27   0.26   0.13   2.922  8.21    10.8  30.9  12.18
03/15/18 07:02:56  8.27   0.26   0.13   2.943  8.21    10.7  30.8  12.19
03/15/18 07:02:57  8.27   0.26   0.13   2.980  8.21    10.7  30.8  12.16
03/15/18 07:02:58  8.27   0.26   0.13   3.005  8.21    10.7  30.7  12.16
03/15/18 07:02:59  8.27   0.27   0.13   3.017  8.21    10.8  30.6  12.15
03/15/18 07:03:00  8.27   0.27   0.13   3.026  8.21    10.8  30.5  12.14
03/15/18 07:03:01  8.28   0.26   0.13   3.041  8.21    10.8  30.4  12.12
03/15/18 07:03:02  8.28   0.26   0.13   3.062  8.21    10.9  30.4  12.11
03/15/18 07:03:03  8.28   0.27   0.13   3.092  8.20    10.9  30.3  12.12
03/15/18 07:03:04  8.28   0.26   0.13   3.119  8.20    11.0  30.3  12.16
03/15/18 07:03:05  8.28   0.26   0.13   3.131  8.20    11.0  30.3  12.17
03/15/18 07:03:06  8.28   0.27   0.13   3.147  8.21    11.1  30.3  12.19
03/15/18 07:03:07  8.28   0.26   0.13   3.163  8.21    11.1  30.3  12.20
03/15/18 07:03:08  8.28   0.27   0.13   3.181  8.21    11.1  30.3  12.20
03/15/18 07:03:09  8.28   0.26   0.13   3.196  8.21    11.1  30.3  12.19
03/15/18 07:03:10  8.27   0.26   0.13   3.218  8.21    11.1  30.4  12.19
03/15/18 07:03:11  8.27   0.26   0.13   3.239  8.21    11.1  30.5  12.17
03/15/18 07:03:12  8.27   0.26   0.13   3.263  8.21    11.1  30.5  12.17
03/15/18 07:03:13  8.27   0.27   0.13   3.279  8.21    11.1  30.6  12.18
03/15/18 07:03:14  8.27   0.27   0.13   3.291  8.21    11.1  30.7  12.17
03/15/18 07:03:15  8.27   0.27   0.13   3.305  8.21    11.2  30.7  12.17
03/15/18 07:03:16  8.27   0.27   0.13   3.336  8.20    11.2  30.8  12.15
03/15/18 07:03:17  8.27   0.27   0.13   3.365  8.21    11.3  30.8  12.17
03/15/18 07:03:18  8.28   0.27   0.13   3.390  8.20    11.3  30.9  12.14
03/15/18 07:03:19  8.28   0.27   0.13   3.399  8.20    11.4  30.9  12.14
03/15/18 07:03:20  8.28   0.27   0.13   3.414  8.21    11.4  30.9  12.14
03/15/18 07:03:21  8.28   0.27   0.13   3.433  8.21    11.5  30.9  12.14
03/15/18 07:03:22  8.28   0.27   0.13   3.458  8.21    11.5  30.8  12.14
03/15/18 07:03:23  8.27   0.27   0.13   3.478  8.21    11.5  30.8  12.15
03/15/18 07:03:24  8.27   0.27   0.13   3.493  8.21    11.5  30.7  12.13
03/15/18 07:03:25  8.27   0.27   0.13   3.504  8.21    11.4  30.7  12.13
03/15/18 07:03:26  8.27   0.27   0.13   3.528  8.21    11.4  30.6  12.12
03/15/18 07:03:27  8.27   0.27   0.13   3.548  8.21    11.3  30.5  12.14
03/15/18 07:03:28  8.27   0.27   0.13   3.566  8.21    11.2  30.4  12.13
03/15/18 07:03:29  8.27   0.27   0.13   3.588  8.21    11.2  30.4  12.12
03/15/18 07:03:30  8.27   0.27   0.13   3.609  8.21    11.1  30.3  12.11
03/15/18 07:03:31  8.27   0.27   0.13   3.630  8.21    11.1  30.3  12.11
03/15/18 07:03:32  8.27   0.27   0.13   3.647  8.21    11.1  30.3  12.11
03/15/18 07:03:33  8.27   0.27   0.13   3.663  8.22    11.1  30.3  12.10
03/15/18 07:03:34  8.27   0.27   0.13   3.681  8.22    11.2  30.3  12.09
03/15/18 07:03:35  8.27   0.26   0.13   3.695  8.22    11.2  30.3  12.09
03/15/18 07:03:36  8.27   0.27   0.13   3.719  8.21    11.3  30.4  12.12
03/15/18 07:03:37  8.27   0.27   0.13   3.742  8.21    11.4  30.5  12.11
03/15/18 07:03:38  8.27   0.27   0.13   3.763  8.21    11.6  30.5  12.12
03/15/18 07:03:39  8.27   0.27   0.13   3.778  8.21    11.7  30.6  12.12
03/15/18 07:03:40  8.27   0.27   0.13   3.793  8.21    11.8  30.7  12.10
03/15/18 07:03:41  8.27   0.26   0.13   3.814  8.21    11.9  30.8  12.08
03/15/18 07:03:42  8.27   0.26   0.13   3.839  8.22    11.9  30.9  12.11
03/15/18 07:03:43  8.27   0.27   0.13   3.852  8.22    11.9  31.1  12.12
03/15/18 07:03:44  8.27   0.26   0.13   3.874  8.21    11.9  31.2  12.13
03/15/18 07:03:45  8.27   0.26   0.13   3.900  8.21    11.8  31.3  12.10
03/15/18 07:03:46  8.27   0.27   0.13   3.924  8.21    11.7  31.3  12.10
03/15/18 07:03:47  8.27   0.27   0.13   3.935  8.21    11.6  31.4  12.08
03/15/18 07:03:48  8.27   0.26   0.13   3.950  8.21    11.4  31.5  12.09
03/15/18 07:03:49  8.27   0.27   0.13   3.975  8.21    11.3  31.5  12.07
03/15/18 07:03:50  8.27   0.27   0.13   3.994  8.22    11.1  31.5  12.04
03/15/18 07:03:51  8.27   0.27   0.13   4.010  8.21    11.0  31.5  12.03
03/15/18 07:03:52  8.27   0.26   0.13   4.029  8.22    10.8  31.5  12.04
03/15/18 07:03:53  8.27   0.27   0.13   4.046  8.22    10.7  31.4  12.06
03/15/18 07:03:54  8.27   0.27   0.13   4.065  8.22    10.6  31.3  12.06
03/15/18 07:03:55  8.27   0.27   0.13   4.093  8.22    10.6  31.2  12.06
03/15/18 07:03:56  8.27   0.26   0.13   4.113  8.22    10.6  31.1  12.06
03/15/18 07:03:57  8.27   0.27   0.13   4.131  8.22    10.6  30.9  12.05
03/15/18 07:03:58  8.27   0.27   0.13   4.142  8.22    10.6  30.8  12.03
03/15/18 07:03:59  8.28   0.26   0.13   4.157  8.21    10.7  30.6  12.04
03/15/18 07:04:00  8.28   0.27   0.13   4.179  8.21    10.7  30.4  12.01
03/15/18 07:04:01  8.28   0.27   0.13   4.206  8.21    10.8  30.2  12.05
03/15/18 07:04:02  8.27   0.27   0.13   4.225  8.20    10.9  30.0  12.06
03/15/18 07:04:03  8.28   0.27   0.13   4.240  8.21    11.0  29.9  12.08
03/15/18 07:04:04  8.27   0.26   0.13   4.254  8.20    11.1  29.8  12.08
03/15/18 07:04:05  8.27   0.27   0.13   4.278  8.20    11.2  29.7  12.08
03/15/18 07:04:06  8.28   0.26   0.13   4.299  8.19    11.3  29.6  12.07
03/15/18 07:04:07  8.27   0.27   0.13   4.317  8.19    11.3  29.6  12.08
03/15/18 07:04:08  8.27   0.27   0.13   4.335  8.20    11.4  29.6  12.09
03/15/18 07:04:09  8.27   0.27   0.13   4.362  8.20    11.4  29.7  12.11
03/15/18 07:04:10  8.27   0.26   0.13   4.385  8.20    11.4  29.8  12.13
03/15/18 07:04:11  8.27   0.27   0.13   4.406  8.20    11.5  29.9  12.14
03/15/18 07:04:12  8.27   0.26   0.13   4.421  8.20    11.5  30.1  12.14
03/15/18 07:04:13  8.27   0.27   0.13   4.436  8.20    11.5  30.2  12.13
03/15/18 07:04:14  8.27   0.27   0.13   4.449  8.20    11.6  30.5  12.13
03/15/18 07:04:15  8.27   0.26   0.13   4.470  8.20    11.6  30.7  12.10
03/15/18 07:04:16  8.27   0.27   0.13   4.495  8.20    11.7  30.9  12.09
03/15/18 07:04:17  8.28   0.26   0.13   4.516  8.20    11.7  31.2  12.07
03/15/18 07:04:22  8.27   0.27   0.13   4.531  8.20    11.6  32.6  12.04
03/15/18 07:04:20  8.28   0.27   0.13   4.533  8.19    11.8  32.0  12.05
03/15/18 07:04:21  8.27   0.27   0.13   4.533  8.19    11.7  32.3  12.07
03/15/18 07:04:23  8.27   0.27   0.13   4.534  8.20    11.5  32.9  12.00
03/15/18 07:04:24  8.27   0.26   0.13   4.534  8.20    11.3  33.3  12.01
03/15/18 07:04:25  8.27   0.26   0.13   4.534  8.20    11.1  33.6  12.04
03/15/18 07:04:29  8.27   0.27   0.13   4.534  8.21     9.9  35.0  12.12
03/15/18 07:04:26  8.27   0.26   0.13   4.535  8.20    10.8  34.0  12.09
03/15/18 07:04:18  8.28   0.26   0.13   4.538  8.20    11.7  31.4  12.04
03/15/18 07:04:28  8.27   0.27   0.13   4.538  8.20    10.2  34.7  12.10
03/15/18 07:04:19  8.27   0.27   0.13   4.539  8.19    11.8  31.7  12.05
03/15/18 07:04:27  8.27   0.27   0.13   4.539  8.20    10.5  34.3  12.09

Profile Time: 11:21:11
Profile Date: 03/15/2018
Profile Location: jlnewhope Serial no: : 0001C33F, ID: : Lucky      
Sonde data Status: Unfiltered, VisualCheck
Data Status: , PostCal
03/15/18 11:21:19  9.18   0.00   0.00  -0.009  7.67     2.3   NaN  11.66
03/15/18 11:21:14  9.19   0.00   0.00  -0.005  7.66     2.6   NaN  11.65
03/15/18 11:21:25  9.17   0.00   0.00  -0.002  7.63    -5.0   NaN  11.66
03/15/18 11:21:21  9.17   0.00   0.00   0.000  7.66     0.3   NaN  11.66
03/15/18 11:21:30  9.17   0.00   0.00   0.000  7.67    -1.7   NaN  11.65
03/15/18 11:21:36  9.14   0.00   0.00   0.000  7.62    23.5   NaN  11.63
03/15/18 11:21:42  8.97   0.24   0.11   0.000  7.75    49.3  35.6  11.65
03/15/18 11:21:13  9.19   0.00   0.00   0.001  7.67     2.2   NaN  11.65
03/15/18 11:21:26  9.18   0.00   0.00   0.001  7.67    -5.8   NaN  11.66
03/15/18 11:21:17  9.19   0.00   0.00   0.002  7.69     3.2   NaN  11.65
03/15/18 11:21:37  9.14   0.00   0.00   0.003  7.63    29.8   NaN  11.64
03/15/18 11:21:22  9.17   0.00   0.00   0.004  7.68    -1.0   NaN  11.66
03/15/18 11:21:23  9.17   0.00   0.00   0.004  7.66    -2.5   NaN  11.66
03/15/18 11:21:33  9.15   0.00   0.00   0.004  7.64     6.1   NaN  11.62
03/15/18 11:21:35  9.14   0.00   0.00   0.004  7.68    17.3   NaN  11.62
03/15/18 11:21:24  9.17   0.00   0.00   0.005  7.67    -3.8   NaN  11.66
03/15/18 11:21:29  9.18   0.00   0.00   0.005  7.67    -4.1   NaN  11.65
03/15/18 11:21:34  9.14   0.00   0.00   0.005  7.63    11.4   NaN  11.62
03/15/18 11:21:38  9.14   0.00   0.00   0.005  7.62    35.7   NaN  11.64
03/15/18 11:21:39  9.14   0.00   0.00   0.005  7.62    40.9   NaN  11.65
03/15/18 11:21:40  9.13   0.00   0.00   0.005  7.62    45.1  35.1  11.64
03/15/18 11:21:44  8.71   0.02   0.01   0.005  7.71    47.5  36.0  11.75
03/15/18 11:21:15  9.19   0.00   0.00   0.006  7.67     3.0   NaN  11.65
03/15/18 11:21:12  9.19   0.00   0.00   0.007  7.67     1.7   NaN  11.65
03/15/18 11:21:16  9.19   0.00   0.00   0.007  7.66     3.2   NaN  11.66
03/15/18 11:21:20  9.18   0.00   0.00   0.013  7.65     1.4   NaN  11.67
03/15/18 11:21:28  9.18   0.00   0.00   0.013  7.66    -5.5   NaN  11.65
03/15/18 11:21:43  8.81   0.21   0.10   0.015  7.75    49.2  35.8  11.71
03/15/18 11:21:18  9.18   0.00   0.00   0.016  7.67     2.9   NaN  11.66
03/15/18 11:21:27  9.18   0.00   0.00   0.016  7.67    -6.1   NaN  11.66
03/15/18 11:21:41  9.09   0.00   0.00   0.024  7.62    47.9  35.4  11.64
03/15/18 11:21:31  9.16   0.00   0.00   0.027  7.66     1.7   NaN  11.66
03/15/18 11:22:42  8.59   0.25   0.12   0.175  7.88    12.2  35.6  12.24
03/15/18 11:22:50  8.59   0.25   0.12   0.178  7.88    10.1  35.1  12.29
03/15/18 11:22:18  8.59   0.25   0.12   0.186  7.85     5.1  35.6  12.10
03/15/18 11:22:09  8.59   0.25   0.12   0.187  7.84    30.4  36.3  12.01
03/15/18 11:22:12  8.59   0.25   0.12   0.192  7.84    15.4  36.2  12.05
03/15/18 11:22:48  8.59   0.25   0.12   0.202  7.88    10.3  35.5  12.28
03/15/18 11:22:26  8.58   0.25   0.12   0.203  7.86    12.8  35.4  12.18
03/15/18 11:22:40  8.59   0.25   0.12   0.203  7.88    12.9  35.5  12.24
03/15/18 11:22:24  8.58   0.25   0.12   0.217  7.86    11.5  35.4  12.15
03/15/18 11:22:06  8.59   0.25   0.12   0.218  7.83    44.6  36.1  11.98
03/15/18 11:22:16  8.59   0.25   0.12   0.219  7.85     5.3  35.8  12.09
03/15/18 11:22:22  8.58   0.25   0.12   0.219  7.86     9.4  35.4  12.13
03/15/18 11:22:07  8.59   0.25   0.12   0.223  7.83    40.5  36.2  11.99
03/15/18 11:22:14  8.59   0.25   0.12   0.232  7.85     8.6  36.0  12.07
03/15/18 11:22:52  8.59   0.25   0.12   0.234  7.88    10.1  34.5  12.30
03/15/18 11:22:55  8.59   0.25   0.12   0.234  7.89    10.1  33.3  12.29
03/15/18 11:22:45  8.59   0.25   0.12   0.235  7.88    11.0  35.7  12.27
03/15/18 11:22:39  8.59   0.25   0.12   0.240  7.88    13.1  35.5  12.24
03/15/18 11:22:38  8.59   0.25   0.12   0.243  7.87    13.0  35.4  12.24
03/15/18 11:22:08  8.59   0.25   0.12   0.246  7.84    35.7  36.3  12.00
03/15/18 11:22:21  8.58   0.25   0.12   0.246  7.83     8.1  35.4  12.12
03/15/18 11:22:41  8.59   0.25   0.12   0.246  7.88    12.6  35.6  12.24
03/15/18 11:22:49  8.59   0.25   0.12   0.251  7.89    10.2  35.3  12.28
03/15/18 11:22:46  8.59   0.25   0.12   0.252  7.88    10.7  35.7  12.28
03/15/18 11:22:54  8.59   0.25   0.12   0.252  7.88    10.1  33.7  12.30
03/15/18 11:22:44  8.59   0.25   0.12   0.253  7.87    11.3  35.7  12.26
03/15/18 11:22:20  8.58   0.25   0.12   0.257  7.86     6.9  35.5  12.11
03/15/18 11:22:56  8.59   0.25   0.12   0.258  7.89    10.1  32.9  12.30
03/15/18 11:22:10  8.59   0.25   0.12   0.259  7.84    25.1  36.3  12.03
03/15/18 11:22:13  8.59   0.25   0.12   0.267  7.84    11.6  36.1  12.06
03/15/18 11:22:43  8.59   0.25   0.12   0.267  7.88    11.8  35.7  12.25
03/15/18 11:22:11  8.59   0.25   0.12   0.270  7.84    20.0  36.3  12.03
03/15/18 11:22:53  8.59   0.25   0.12   0.273  7.89    10.1  34.1  12.30
03/15/18 11:22:19  8.58   0.25   0.12   0.274  7.84     5.8  35.5  12.11
03/15/18 11:22:23  8.58   0.25   0.12   0.275  7.86    10.5  35.4  12.15
03/15/18 11:22:25  8.58   0.25   0.12   0.276  7.86    12.3  35.4  12.17
03/15/18 11:22:15  8.59   0.25   0.12   0.277  7.81     6.5  35.9  12.08
03/15/18 11:22:51  8.59   0.25   0.12   0.278  7.88    10.1  34.8  12.30
03/15/18 11:22:47  8.59   0.25   0.12   0.296  7.88    10.4  35.6  12.28
03/15/18 11:22:17  8.59   0.25   0.12   0.310  7.82     4.8  35.7  12.09
